y_true,y_pred,y_prob
0,0,0.021889887750148773
0,0,0.0033626870717853308
0,1,0.5031322240829468
1,1,0.8538472056388855
0,0,1.4107446077105124e-05
0,1,0.7215174436569214
0,0,0.15361037850379944
0,0,0.40615177154541016
0,0,0.476235032081604
0,0,0.23324476182460785
0,1,0.6379601955413818
0,1,0.5040627717971802
0,0,1.2681951375270728e-05
0,0,0.006702418439090252
1,1,0.9546753168106079
0,0,0.0018060472793877125
0,0,6.095134267525282e-06
0,0,0.00031588287674821913
0,0,4.601856562658213e-05
0,0,0.4853820204734802
0,1,0.7657102942466736
0,0,0.17635653913021088
0,1,0.5199354290962219
0,0,0.0002765201497823
0,1,0.5220364332199097
0,0,8.166606130544096e-05
0,1,0.5431044697761536
0,0,3.300359458080493e-05
0,0,0.09306899458169937
0,0,3.43319152307231e-05
0,0,0.018384434282779694
0,0,0.27154478430747986
0,0,0.04539917781949043
0,0,0.10007809102535248
1,1,0.849122941493988
0,0,0.0007273825467564166
0,0,4.003447884315392e-06
0,0,0.07876328378915787
0,1,0.6180382370948792
0,0,0.00011443982657510787
0,1,0.7404786944389343
0,0,0.4599078595638275
0,0,0.48509421944618225
0,1,0.5428752899169922
0,0,0.2187773585319519
0,0,0.0005725094815716147
0,0,0.2949906289577484
0,0,3.7304984289221466e-05
0,0,1.902710209833458e-05
0,0,0.0010555661283433437
0,0,0.05771235004067421
0,0,0.09610718488693237
0,0,0.08842845261096954
0,0,0.3939822018146515
0,0,0.08490186184644699
0,1,0.8596285581588745
0,0,0.4242485463619232
0,0,0.08213181793689728
0,0,0.00887414813041687
0,0,0.009761500172317028
0,0,1.5763584997330327e-06
0,0,1.203220926981885e-05
0,0,0.06308430433273315
0,0,0.47198861837387085
0,1,0.7065324187278748
0,0,0.006242761388421059
0,1,0.6628766059875488
0,0,7.791723328409716e-05
0,0,0.07983900606632233
0,0,0.00015138424350880086
0,0,1.4005260709382128e-05
0,0,1.556867027829867e-05
1,0,0.2576475441455841
0,0,0.00021856023522559553
0,0,0.0001038124319165945
0,0,0.37566566467285156
0,0,0.008099164813756943
0,0,2.6579464247333817e-05
0,0,0.4455975592136383
0,0,0.0006865609902888536
0,0,1.254762082680827e-05
0,0,0.004514225758612156
0,0,0.0007358872098848224
0,0,0.2689421474933624
0,0,1.2936268831253983e-05
0,0,0.46438464522361755
0,0,6.015264443703927e-05
0,0,0.007337931077927351
0,0,0.022706324234604836
0,0,0.18704184889793396
0,0,2.1696259864256717e-05
0,0,0.001930020283907652
0,1,0.5628887414932251
0,0,1.9536688341759145e-05
0,0,0.006424738559871912
0,0,1.6023670468712226e-05
0,0,0.00010201345139648765
0,1,0.6357966661453247
0,0,0.177444189786911
0,0,0.33447128534317017
0,0,0.001620462629944086
0,0,6.443495658459142e-05
0,0,0.0017570715863257647
0,0,0.0030037970282137394
0,0,0.0007908439729362726
0,0,0.12337835878133774
0,0,0.01014312356710434
0,0,0.003593172412365675
0,0,1.4195911717251875e-05
0,0,0.00040962916682474315
0,0,0.0012450710637494922
0,1,0.9067704677581787
0,0,7.80946447775932e-06
0,0,0.33271315693855286
0,0,8.731968591746408e-06
0,0,0.030345117673277855
0,0,2.8688987185887527e-06
0,0,0.0013676220551133156
0,0,0.4212735593318939
0,0,0.1894255429506302
0,0,0.4046725630760193
0,0,0.01119442842900753
0,0,0.00031328294426202774
0,0,0.07748589664697647
0,0,0.4772975742816925
0,0,0.0008215063135139644
0,0,0.008205967023968697
0,0,0.387452632188797
0,0,4.304757385398261e-05
0,0,2.653083902259823e-05
0,0,0.3096577525138855
0,0,0.10464522242546082
0,1,0.5917736291885376
0,1,0.5513055324554443
1,1,0.9598076939582825
0,0,0.009270872920751572
0,0,5.988307748339139e-06
0,0,6.0669273807434365e-05
0,0,1.3873815078113694e-05
0,0,0.3038772642612457
0,0,0.31843793392181396
0,1,0.5772241950035095
0,1,0.7157161235809326
0,0,0.0007387161022052169
0,1,0.724396288394928
0,1,0.6305649280548096
0,0,7.540364458691329e-05
0,0,0.14770245552062988
0,0,0.0004924914101138711
0,0,0.006245049182325602
0,1,0.774507462978363
0,0,0.0007803202606737614
0,0,0.012008867226541042
0,0,0.4494890570640564
0,0,2.770719765976537e-05
0,0,2.6573075956548564e-05
0,0,0.14153072237968445
0,0,0.41066867113113403
0,0,0.0023534924257546663
0,0,0.21986570954322815
0,0,0.00837536621838808
0,0,1.8034528693533503e-05
0,1,0.7445408701896667
0,0,0.4820523262023926
0,1,0.6371026039123535
0,0,0.006758656352758408
0,0,0.4311000406742096
0,0,0.3689535856246948
1,1,0.6084699630737305
0,0,0.08214179426431656
0,1,0.902752161026001
0,0,1.9967425032518804e-05
0,0,0.00028745419695042074
0,0,0.2343745231628418
0,0,0.18539965152740479
0,1,0.5941996574401855
0,0,0.0002081548300338909
0,0,0.00015606492524966598
0,0,0.00026474197511561215
0,0,0.0013258984545245767
0,0,0.4726462662220001
0,0,0.00012158721074229106
0,0,6.856827440060442e-06
0,1,0.7601267099380493
0,0,0.05793602019548416
0,0,0.08626239001750946
0,0,0.20013318955898285
0,1,0.8321585059165955
0,0,0.13139721751213074
0,0,0.16033360362052917
0,0,0.4941900074481964
0,0,0.0018215724267065525
0,1,0.665582001209259
0,0,0.3939773738384247
0,0,0.0950288325548172
0,0,3.228416289857705e-06
0,0,0.39437928795814514
0,0,0.2289196103811264
0,1,0.7622048258781433
0,0,0.0014900643145665526
0,0,0.09998723119497299
0,0,0.016285983845591545
0,1,0.5161473155021667
0,1,0.572246789932251
0,1,0.6235762238502502
0,0,0.00011158890265505761
0,0,6.4170544646913186e-06
0,0,0.36112287640571594
0,0,0.000664265884552151
0,0,2.5984871172113344e-05
0,0,5.3283154556993395e-05
0,0,3.312167609692551e-05
0,0,0.008424186147749424
0,0,0.3951144814491272
0,0,5.999521818011999e-05
0,1,0.6761205792427063
0,0,0.00023588628391735256
0,0,0.4643194079399109
0,0,0.2835599482059479
0,0,0.00010525980178499594
0,0,1.374432395095937e-05
0,0,0.015760445967316628
0,0,5.125491588842124e-05
0,0,0.000649736262857914
0,0,0.026793505996465683
0,1,0.5097545385360718
0,0,0.31590935587882996
0,0,0.028549611568450928
0,0,0.4191937744617462
0,1,0.5514408349990845
0,1,0.828181803226471
0,0,1.6784577383077703e-05
0,0,0.10499893128871918
0,0,0.10105578601360321
0,0,7.057019502099138e-06
0,0,1.01262712632888e-05
0,0,0.005091786850243807
0,0,0.0048114280216395855
0,0,0.0019522450165823102
0,0,0.0058091324754059315
0,0,0.06538005918264389
0,0,0.27279582619667053
0,0,5.343355496734148e-06
0,0,0.3624989986419678
0,0,0.011744063347578049
1,1,0.9101998209953308
0,0,0.4662620723247528
0,0,5.7818695495370775e-05
0,0,0.03462006524205208
0,0,5.71321743336739e-06
0,0,3.5954044506070204e-06
0,1,0.8615636825561523
0,0,0.00019326327310409397
0,1,0.5663474202156067
0,0,0.002960100071504712
0,0,0.017098456621170044
0,0,0.008132996968925
0,0,8.763334449213289e-07
0,0,0.4437066614627838
0,0,0.4923281967639923
0,0,0.31369659304618835
0,0,1.7267533621634357e-05
0,0,0.35880956053733826
0,0,0.31455162167549133
0,0,1.2927502211823594e-05
0,0,1.6583722754148766e-05
0,0,0.018281323835253716
0,1,0.5204461216926575
0,1,0.5707678198814392
0,0,0.013591320253908634
0,0,4.50293009635061e-06
0,1,0.6631474494934082
0,1,0.5076695084571838
0,0,0.00039276672760024667
0,0,0.00010011726408265531
0,0,1.360818714601919e-05
0,0,0.00011530485062394291
0,0,1.3694447261514142e-05
0,0,0.00010985487460857257
0,0,0.0007611865876242518
0,1,0.6062526702880859
0,0,8.529116894351318e-05
0,0,2.677106749615632e-05
0,1,0.5603774189949036
0,0,0.0008939122199080884
0,0,0.000761655974201858
0,1,0.6553271412849426
0,0,0.29249507188796997
0,0,0.14580212533473969
0,0,0.010196957737207413
0,0,5.191449417907279e-06
0,0,0.00011570376227609813
0,0,0.0011153563391417265
0,0,0.0002841138048097491
0,0,0.11730489134788513
0,1,0.6263799071311951
0,0,0.00014827752602286637
0,0,0.0001847429812187329
0,1,0.7488828897476196
0,1,0.6155421733856201
0,0,0.1972937136888504
0,0,0.3670401871204376
0,0,0.1802520751953125
0,0,3.8313275581458583e-05
0,1,0.6632617712020874
0,0,0.42396825551986694
0,0,0.00016024438082240522
0,0,0.40197333693504333
0,0,0.020442770794034004
0,0,5.168987172510242e-06
0,0,0.21909378468990326
0,0,0.41402488946914673
0,1,0.8255322575569153
0,1,0.6212222576141357
0,0,0.21691451966762543
0,0,0.004446221981197596
0,0,0.02178661897778511
0,0,8.473629350191914e-06
0,0,0.4392950236797333
1,1,0.5762101411819458
0,0,0.22096236050128937
0,1,0.6203913688659668
0,0,0.3371634781360626
0,0,0.36403557658195496
0,0,2.354154821659904e-05
0,0,0.1951572448015213
0,0,0.0007621461409144104
0,0,0.03983590006828308
0,0,0.00030194941791705787
0,1,0.6226785778999329
0,1,0.5415045022964478
0,1,0.572043776512146
0,0,0.27042099833488464
0,0,0.23644839227199554
0,0,0.21720875799655914
0,0,0.44763869047164917
0,0,0.00013492675498127937
0,0,0.09838614612817764
0,0,0.45887964963912964
0,1,0.6166868209838867
0,0,0.00046114384895190597
0,0,0.23111334443092346
0,0,0.06700628250837326
0,0,0.06912171840667725
0,0,0.18043117225170135
0,0,0.3715150058269501
0,0,4.205418736091815e-05
0,1,0.6561440229415894
1,1,0.8322271108627319
0,0,0.00044266865006648004
0,0,5.500997303897748e-06
0,0,0.10436472296714783
0,1,0.609490156173706
0,0,0.015375104732811451
0,0,0.0023929474409669638
0,0,0.004587068222463131
0,1,0.5016142129898071
0,0,0.0002821548259817064
0,0,0.20761650800704956
0,0,7.004335202509537e-05
1,1,0.8265684247016907
0,0,0.00025503538199700415
0,0,5.74901896470692e-05
0,0,0.17700913548469543
0,0,2.3759172108839266e-05
0,0,0.3850874602794647
0,0,0.19994302093982697
0,1,0.7389357089996338
0,0,0.2271697223186493
0,0,0.010828934609889984
0,0,0.2779706120491028
0,0,5.955167125648586e-06
0,0,3.5869859402737347e-06
0,0,0.1962057203054428
0,0,0.3571643531322479
0,0,4.058041304233484e-05
0,0,0.3417778015136719
0,0,2.876395228668116e-05
0,1,0.6475058794021606
0,0,0.17738623917102814
0,0,0.011339128948748112
0,1,0.5607051849365234
0,0,0.15938910841941833
0,0,0.00015409867046400905
0,0,1.532363603473641e-05
0,0,0.0003396684769541025
0,0,0.026035111397504807
0,0,0.009247141890227795
0,0,1.2800333934137598e-05
0,0,0.03681906685233116
0,0,0.05196744203567505
0,0,0.07927998900413513
0,0,0.001922990777529776
0,0,2.1722202291130088e-05
0,1,0.5431361198425293
0,0,0.4641371965408325
1,1,0.873252809047699
0,0,0.031419120728969574
0,0,0.3639412522315979
0,0,0.2317133992910385
0,0,0.18477527797222137
0,0,4.9637652409728616e-05
0,0,0.01592947170138359
0,0,0.0010500691132619977
0,0,1.0167563232243992e-05
0,0,0.10902053862810135
0,1,0.5651638507843018
0,0,0.047927696257829666
0,0,6.367154128383845e-06
0,0,0.00039748998824507
0,0,0.10577881336212158
0,1,0.65665203332901
0,0,0.05149964988231659
0,0,0.0032671340741217136
0,1,0.849928081035614
0,0,0.017941037192940712
0,0,0.00019270462507847697
0,0,2.6346180675318465e-05
0,0,0.2586207687854767
0,0,1.554173468321096e-05
0,0,0.00206805975176394
0,0,0.05196969583630562
0,0,4.694991730502807e-06
0,0,9.984931239159778e-06
0,0,9.163220238406211e-05
0,1,0.6073911786079407
0,0,0.0011199131840839982
0,1,0.5874122977256775
0,0,0.011965833604335785
0,0,0.00012585164222400635
0,0,0.03884395584464073
0,0,0.0002572822559159249
0,0,0.03206447884440422
0,0,0.001140270265750587
0,0,0.10327325761318207
0,0,0.04580273479223251
0,0,0.015310127288103104
0,0,0.2055242508649826
0,0,0.4817444682121277
0,0,0.2802611291408539
0,0,0.13147935271263123
0,0,0.17897996306419373
0,0,0.05776788666844368
0,0,0.00038883951492607594
0,0,1.982761750696227e-05
0,0,0.49392226338386536
0,0,0.4375685751438141
0,0,0.0003164854715578258
0,0,0.4407241642475128
0,0,0.04982854798436165
0,0,1.1752420505217742e-05
0,0,0.00020941013644915074
0,0,0.17593854665756226
0,1,0.9145856499671936
0,0,0.47608140110969543
0,1,0.7664640545845032
0,0,1.4199512179402518e-06
0,0,0.0007668531034141779
0,0,7.837956218281761e-05
0,0,0.003788161324337125
0,0,0.2661161422729492
0,0,0.00019254759536124766
0,0,0.2238212674856186
0,0,0.049170736223459244
0,0,0.2577676773071289
0,0,0.45262470841407776
0,0,0.04276870936155319
0,0,0.3059256672859192
0,0,0.4602201282978058
0,0,0.020898975431919098
0,0,0.17705562710762024
0,0,0.37725964188575745
0,0,0.03959859535098076
0,0,1.3777708772977348e-05
0,0,0.0008681289618834853
0,0,6.838744866399793e-06
0,0,0.05350818112492561
0,0,0.003964333329349756
0,1,0.6319506764411926
0,0,1.5430674466188066e-05
0,0,0.006750319618731737
0,0,0.0015731870662420988
0,1,0.50150066614151
0,0,0.4042416512966156
0,0,0.23339125514030457
0,0,8.572981641918886e-06
0,0,0.4210399091243744
0,0,2.6656351110432297e-05
0,0,1.7838643771028728e-06
0,0,0.00010396439029136673
0,0,0.018093138933181763
0,0,0.16464117169380188
0,0,0.16798755526542664
0,0,0.0006829779013060033
0,0,0.32136717438697815
0,1,0.5383824706077576
0,0,0.16081975400447845
0,1,0.6913799047470093
0,0,1.1816920050478075e-05
0,0,0.008807257749140263
0,0,0.1923460215330124
0,0,0.02490927465260029
0,0,0.27254921197891235
0,1,0.5308866500854492
0,0,0.00014204504259396344
0,0,7.31420823285589e-06
0,0,9.34945055632852e-05
0,0,0.014892925508320332
0,1,0.5261576175689697
0,1,0.5913963913917542
0,0,0.3058508634567261
0,0,0.3396812677383423
0,0,0.0074344356544315815
0,0,0.33704203367233276
0,0,6.951017894607503e-06
0,0,0.24854233860969543
0,0,1.2281249837542418e-05
0,0,0.47084566950798035
0,0,0.12412102520465851
0,0,0.19222792983055115
0,0,4.567426731227897e-05
0,0,0.31810855865478516
0,0,1.6880626390047837e-06
0,0,0.3133327066898346
0,0,0.00017929275054484606
0,0,0.006374932825565338
0,1,0.538847029209137
0,0,0.022885706275701523
0,0,0.00015107478247955441
0,0,3.1232661967806052e-06
0,1,0.6644231677055359
0,0,0.44754788279533386
0,0,8.234704000642523e-05
0,0,0.0017821098444983363
0,0,2.3299127860809676e-05
0,0,0.18216367065906525
0,0,4.246120079187676e-05
0,1,0.7190138697624207
0,0,1.839067590481136e-05
0,0,0.0003310825559310615
0,0,1.852038985816762e-05
0,0,0.486696720123291
0,0,3.2831700082169846e-05
0,0,0.00027620213222689927
0,0,0.007417151238769293
0,0,0.06225476413965225
0,1,0.7818830013275146
0,0,9.965872595785186e-05
0,0,0.0788625031709671
0,0,4.136684310651617e-06
0,1,0.5786340236663818
0,0,2.2210060706129298e-05
0,0,0.22772088646888733
0,0,0.015381386503577232
0,1,0.6736125946044922
0,1,0.6125422716140747
0,0,0.0006243624957278371
0,0,9.22408071346581e-05
0,0,0.010251800529658794
0,0,1.159501880465541e-05
0,0,0.007220584433525801
0,0,5.972901817585807e-06
0,1,0.5405094027519226
0,0,6.220531304279575e-06
0,1,0.5432496666908264
0,0,2.320725252502598e-05
0,0,0.002087608678266406
0,0,0.00023526408767793328
0,1,0.719020664691925
0,0,0.0011747287353500724
0,0,0.013493704609572887
0,0,0.1535608172416687
0,1,0.512946605682373
0,0,0.0001706996699795127
0,0,0.32144251465797424
0,0,1.5870995412115008e-05
0,0,2.6465519113116898e-05
0,0,0.15117882192134857
0,0,0.2200210839509964
0,0,0.0002586596237961203
0,0,2.497330387996044e-05
0,0,0.33103442192077637
0,1,0.7151647210121155
0,0,0.004296926315873861
0,0,5.800685812573647e-06
0,0,0.023033486679196358
0,0,0.335679292678833
0,0,2.0079884052393027e-05
0,0,4.5342098019318655e-05
0,0,7.99051395006245e-06
0,0,0.401151180267334
0,0,0.004799815826117992
0,0,1.849730142566841e-05
0,0,0.00012701771629508585
0,0,2.7169000532012433e-05
0,0,1.9707837054738775e-05
0,0,0.3683493435382843
0,0,0.05243804678320885
0,0,0.3051697909832001
0,0,5.3283154556993395e-05
1,1,0.9594743251800537
0,0,0.46258968114852905
0,0,4.073856871400494e-06
0,0,0.3642914891242981
0,0,0.0005483569693751633
0,0,0.28324344754219055
0,1,0.6498702168464661
0,0,0.20274163782596588
0,0,0.024935800582170486
0,0,0.0796823725104332
0,1,0.6947129368782043
0,0,0.02530551888048649
0,0,2.267174750159029e-05
0,0,0.0017746808007359505
0,0,0.024973997846245766
0,0,2.0860868971794844e-05
0,0,0.0025507265236228704
0,1,0.5193182826042175
0,0,0.02481270395219326
0,1,0.5429942011833191
0,0,0.32079192996025085
0,0,0.00011754043225664645
0,0,0.010696936398744583
0,0,0.16623187065124512
0,1,0.6041334867477417
0,0,1.240619440068258e-05
0,0,0.2545405924320221
0,0,5.012359542888589e-05
0,0,0.022113630548119545
0,0,0.05250432714819908
0,0,0.0587267205119133
0,1,0.620110273361206
0,0,0.015657618641853333
0,0,0.0002095269737765193
0,0,0.4428994059562683
0,0,0.00017291150288656354
0,0,1.707043338683434e-05
0,0,0.00027059728745371103
0,0,0.0007709276396781206
0,0,0.007284124847501516
0,0,9.876441617961973e-05
0,0,0.07110698521137238
0,0,0.00014504136925097555
0,0,0.4119979739189148
0,0,0.004068085458129644
0,0,2.838147156580817e-05
0,0,0.18445859849452972
0,0,0.48665669560432434
0,0,0.0006745590944774449
0,0,0.45823824405670166
0,1,0.6921327710151672
1,1,0.9496104717254639
0,0,0.0010310197249054909
0,0,0.2790074348449707
0,0,2.093029434035998e-05
0,0,0.35770878195762634
0,1,0.7170134782791138
0,0,8.410879672737792e-06
0,0,0.000598423182964325
0,0,0.2933048605918884
0,0,0.014043047092854977
0,0,4.750941116071772e-06
0,0,7.845205800549593e-06
0,0,7.83490831963718e-05
0,0,0.0216217078268528
0,0,0.2870213985443115
0,1,0.530221164226532
0,0,0.023048218339681625
0,0,0.041583821177482605
0,0,7.647407619515434e-05
0,0,0.00014445588749367744
0,0,3.74174996977672e-05
0,0,9.005099855130538e-05
0,1,0.5287008881568909
0,0,0.42423027753829956
0,0,0.029306642711162567
0,0,0.01253354363143444
0,0,4.9582627980271354e-05
0,0,0.00012959734885953367
0,0,0.0003119052271358669
0,0,0.0006627586553804576
0,0,7.637951966898981e-06
0,0,0.23171529173851013
0,0,0.4286576211452484
0,0,0.007087785750627518
0,0,0.3123953640460968
0,0,2.3959489681146806e-07
0,0,0.0004488468694034964
0,0,0.0011009406298398972
0,0,1.0383078915765509e-05
0,1,0.5875051617622375
1,1,0.6145409345626831
0,0,4.43661556346342e-05
0,1,0.5240499377250671
0,0,0.0015457812696695328
0,0,4.6955698053352535e-05
0,0,1.4976794773247093e-05
0,0,0.005997455213218927
0,0,9.407179277332034e-06
0,0,0.0015693778404965997
0,0,0.00014800758799538016
0,0,0.24511146545410156
0,1,0.6379306316375732
0,0,0.005862256046384573
0,0,1.996445826080162e-05
0,1,0.562470555305481
0,0,1.0593357728794217e-05
0,0,1.4229078260541428e-05
0,0,1.3077438779873773e-05
0,0,0.0002977957483381033
0,0,0.14240169525146484
0,0,0.34492915868759155
0,0,0.0032669538632035255
0,0,0.41845735907554626
0,1,0.7757154107093811
0,0,0.0023043379187583923
0,0,3.649826339824358e-06
0,0,4.493699088925496e-05
0,0,0.3957769572734833
0,0,0.00011070709297200665
0,0,0.3592897653579712
0,0,0.00048419114318676293
0,0,0.3648717403411865
0,0,8.322759640577715e-06
0,1,0.5176406502723694
0,0,0.0010899635963141918
0,0,0.2242671251296997
0,0,1.1486137736937962e-05
0,0,0.022484643384814262
0,0,0.0020809646230190992
0,0,0.0007776545826345682
0,0,0.0005868107546120882
0,0,0.016998546198010445
0,1,0.5901811122894287
0,0,0.06058395653963089
0,0,0.03370622545480728
0,0,1.1797169463534374e-05
0,0,0.00011148648627568036
1,1,0.961649477481842
0,0,0.0004258939006831497
0,0,5.767892434960231e-05
0,0,0.0351887047290802
0,0,0.3302595615386963
0,0,0.3028205931186676
0,0,0.0005858989316038787
0,0,4.8083198635140434e-05
0,0,0.0006008106283843517
0,0,0.004108502995222807
0,0,3.404211383895017e-05
0,0,0.02268313430249691
0,0,0.004449047148227692
0,0,3.079303860431537e-05
0,0,0.006154668517410755
0,1,0.547681987285614
0,0,0.41523417830467224
1,1,0.755826473236084
0,0,2.810609294101596e-05
0,0,0.2314557284116745
0,0,0.04946431145071983
0,0,0.2531422972679138
0,0,0.13708175718784332
0,0,0.1582750380039215
0,0,0.0011260182363912463
0,0,0.010924856178462505
0,0,0.03156384453177452
0,0,9.047101775649935e-05
0,0,0.00042468172614462674
0,0,0.32190385460853577
0,0,0.00016596756177023053
0,0,1.0730992471508216e-05
0,1,0.5646710395812988
0,1,0.5418170094490051
0,0,1.750182309478987e-05
0,0,0.10937558859586716
0,0,0.3856922388076782
0,0,0.025567037984728813
0,0,0.004218723624944687
0,0,0.09781638532876968
0,0,0.02462753839790821
0,0,0.00017155191744677722
0,0,0.17476233839988708
0,0,0.003880253294482827
0,0,0.36747023463249207
0,0,0.2805030047893524
0,0,0.10783426463603973
0,0,7.43808004699531e-06
0,0,2.8357824703562073e-05
0,0,0.011150247417390347
0,0,7.705464668106288e-05
0,0,0.0443459115922451
0,0,0.30389127135276794
0,1,0.6002147197723389
0,0,0.00018937383720185608
0,0,0.10982140153646469
0,0,0.11201092600822449
0,0,1.0635631042532623e-05
0,0,0.3885280191898346
0,1,0.9006392359733582
0,0,0.0055731190368533134
0,1,0.6294554471969604
0,0,0.49284014105796814
0,0,0.0006213427986949682
0,0,4.1917654016288e-05
0,0,0.31780871748924255
0,0,0.4396611750125885
0,0,3.631854724517325e-06
0,0,0.4972168207168579
0,0,0.49929314851760864
0,1,0.7047932147979736
0,0,2.0780849808943458e-05
0,1,0.5778584480285645
0,0,0.13639473915100098
0,0,0.24917790293693542
0,0,4.236437234794721e-05
0,0,8.199615695048124e-05
0,0,0.3793649673461914
0,0,2.524693263694644e-05
0,0,0.4651471972465515
0,0,7.669894330319948e-06
0,0,9.466226038057357e-05
0,0,0.0030045341700315475
0,0,7.698435365455225e-05
0,0,0.019039902836084366
0,0,0.36199188232421875
0,0,0.0582340806722641
0,1,0.7510243058204651
0,1,0.5037275552749634
0,0,0.11855842173099518
0,0,1.0654981451807544e-05
0,0,6.104115163907409e-05
0,1,0.7419883012771606
0,1,0.549014687538147
0,0,0.21929045021533966
0,0,7.237237696244847e-06
0,0,0.0002314247831236571
0,0,0.05333268642425537
0,0,0.0022560316137969494
0,0,1.0582584764051717e-05
0,0,0.1840585619211197
0,1,0.5002870559692383
0,0,0.00043165450915694237
0,0,0.006700292229652405
0,0,0.41686150431632996
0,0,2.9061313398415223e-05
0,0,0.006997467018663883
0,0,1.1928104868275113e-05
0,0,0.4500889182090759
0,0,0.00013846992806065828
0,0,0.02606862410902977
0,0,0.0020666883792728186
0,0,0.011377799324691296
0,0,0.014684738591313362
0,0,0.46601831912994385
0,0,3.041796117031481e-05
0,0,0.02192162722349167
0,0,0.005406648386269808
0,0,0.00032370456028729677
0,0,0.049363527446985245
0,0,0.4289615750312805
0,0,8.586277544964105e-06
0,0,1.6899273759918287e-05
0,1,0.6426254510879517
0,0,0.013242141343653202
0,0,1.5391640772577375e-05
0,0,0.0014989295741543174
0,0,0.0005695400177501142
0,0,0.006395973730832338
0,1,0.8015196323394775
0,0,0.005210685543715954
0,0,0.0008138922275975347
0,0,4.603097295330372e-06
0,0,0.0002884262939915061
0,0,0.20905841886997223
0,0,0.003991497214883566
0,0,0.0006278997752815485
0,0,0.2302519977092743
0,0,0.48240926861763
0,0,0.2199220508337021
0,0,2.7378138838685118e-05
0,0,0.043005768209695816
0,0,0.00011059576354455203
0,0,0.3703937828540802
0,0,0.32010510563850403
0,0,0.017800286412239075
0,0,0.0007621598779223859
0,0,0.16700203716754913
0,0,0.011616015806794167
0,1,0.5116040110588074
1,1,0.8682098388671875
0,1,0.5901821255683899
0,0,0.2595180869102478
0,0,0.3629036545753479
0,0,0.11409591883420944
0,0,4.099613943253644e-05
0,1,0.6001293659210205
0,0,0.26219442486763
0,0,0.20185048878192902
0,0,0.024903062731027603
0,1,0.5574315786361694
0,0,8.727597560209688e-06
0,0,0.41901710629463196
0,0,0.0011113012442365289
0,0,4.384611747809686e-05
0,0,0.03758674114942551
0,0,0.4891749620437622
0,0,1.7369600755046122e-05
0,0,0.3338881731033325
0,0,0.006136841606348753
0,1,0.5616866946220398
0,0,1.6538897398277186e-05
0,1,0.6778790950775146
0,0,0.0024323840625584126
0,0,0.00582323782145977
0,0,8.15530656836927e-05
0,0,0.1959010809659958
0,0,0.12661556899547577
0,0,0.00023556037922389805
0,0,7.417990218527848e-06
0,0,0.4845615327358246
0,0,0.00021685520187020302
0,0,0.16523510217666626
0,0,1.3740246686211322e-05
0,0,2.018160103034461e-06
0,0,0.22188514471054077
0,1,0.6304382681846619
0,0,0.02315906248986721
0,0,0.4501796066761017
0,0,0.4410417377948761
0,1,0.8277007341384888
0,1,0.5317529439926147
0,1,0.667495846748352
0,0,4.792078470927663e-05
0,0,0.00012430414790287614
0,1,0.5019679665565491
0,0,0.019189532846212387
0,0,4.813701252714964e-06
0,0,1.0725958418333903e-05
0,0,1.0614959137456026e-05
0,0,0.41458219289779663
0,0,0.001957740867510438
0,0,6.543369636347052e-06
0,0,0.01008524838835001
0,0,0.0021918818820267916
0,0,0.3486720621585846
0,0,3.305900827399455e-05
0,0,0.4363671839237213
0,0,2.0871693777735345e-05
0,0,0.018708515912294388
0,0,4.8738882469478995e-05
0,0,8.689830428920686e-05
0,0,4.4955154407944065e-06
1,1,0.7596505284309387
0,0,0.0010537048801779747
0,0,0.2653920650482178
0,0,0.48007941246032715
0,0,0.15702320635318756
0,0,0.00019082754442933947
0,0,8.97752761375159e-06
0,0,0.32844278216362
0,0,0.4608776867389679
0,0,0.010574120096862316
0,0,0.21705883741378784
0,0,0.014067793264985085
1,1,0.8900091648101807
0,0,0.3968333303928375
0,0,0.3719687759876251
0,0,5.008431980968453e-05
0,0,0.4844026267528534
0,0,0.4618980288505554
0,0,1.5009146636657533e-06
0,0,0.09616751968860626
0,0,0.013085593469440937
0,0,0.19708634912967682
0,1,0.6729570627212524
0,0,2.2327563783619553e-05
0,1,0.6440793871879578
0,0,0.21663068234920502
0,0,0.023733213543891907
0,0,0.0030977276619523764
0,0,0.0030090068466961384
0,0,0.007931552827358246
0,0,0.0009115110151469707
0,0,0.23133622109889984
0,0,0.015834730118513107
0,0,2.131234396074433e-05
0,1,0.5232887268066406
0,0,0.0001391551923006773
0,0,0.000210852493182756
0,0,2.5497021852061152e-05
0,0,0.0006487098289653659
0,0,0.17308640480041504
0,0,3.2488591386936605e-05
0,0,0.32436585426330566
0,0,5.039515599492006e-05
0,0,0.000470099039375782
0,0,1.3275691344460938e-05
0,0,0.0007767191855236888
0,0,4.907772017759271e-05
0,1,0.6736204028129578
0,0,0.20071829855442047
0,0,6.0588914493564516e-05
0,0,0.11775348335504532
0,0,9.651417713030241e-06
0,1,0.5410499572753906
0,0,0.21535497903823853
0,0,1.8649239791557193e-05
0,0,0.009122184477746487
0,0,0.014010395854711533
0,0,0.4923897087574005
0,0,0.16019217669963837
0,0,0.0005513221840374172
0,0,0.44757235050201416
0,0,1.9153689208906144e-05
0,1,0.685496985912323
0,0,0.2510891854763031
0,0,9.271701128454879e-05
0,0,0.20695774257183075
0,0,0.03455924615263939
0,1,0.7296587228775024
0,1,0.8867452144622803
0,0,0.0003868921776302159
0,0,0.004293598234653473
0,0,0.16236832737922668
0,0,2.941372031273204e-06
1,1,0.6806433200836182
0,0,0.32623350620269775
0,0,0.0012439151760190725
0,0,2.0212773961247876e-05
0,0,0.0951894223690033
0,0,0.3053290843963623
0,0,0.45518964529037476
0,0,3.125259900116362e-05
0,0,0.0001318952563451603
0,0,0.294743150472641
0,0,0.0075942277908325195
0,0,1.3317445336724631e-05
0,0,0.16392233967781067
0,0,0.17885436117649078
0,0,0.11218390613794327
0,0,0.002109651919454336
0,1,0.7440719604492188
0,1,0.504260778427124
0,0,2.046115514531266e-05
0,0,2.7302918169880286e-05
0,0,0.33637240529060364
0,0,0.12974780797958374
0,1,0.5890554785728455
0,1,0.579746663570404
0,0,0.48549243807792664
0,1,0.5608134865760803
0,0,0.001893452601507306
0,0,0.4944184720516205
0,0,0.014228851534426212
1,1,0.6661219596862793
0,0,4.6550776460208e-05
0,1,0.5092756152153015
0,0,0.022867193445563316
0,0,1.4953718164179008e-05
0,0,0.015716979280114174
0,0,0.007450868841260672
0,0,0.4437895119190216
0,0,0.040300242602825165
0,0,2.333319207536988e-05
0,0,0.0592636913061142
0,0,0.13672032952308655
0,0,0.17381836473941803
0,1,0.634949266910553
0,0,0.020928718149662018
0,0,0.018791161477565765
0,0,0.27941980957984924
0,0,1.491167950007366e-05
0,0,0.022939782589673996
1,1,0.790866494178772
0,0,0.1283651739358902
0,1,0.7095845341682434
0,0,0.0068423389457166195
0,0,1.5285937479347922e-05
0,0,0.0001509800204075873
0,0,0.39789363741874695
0,1,0.7818111777305603
0,0,4.267442818672862e-06
0,1,0.6039820909500122
0,0,0.06725511699914932
0,1,0.9883422255516052
0,0,0.021768718957901
0,0,0.0010379228042438626
0,0,0.00265800510533154
0,0,0.02538953348994255
1,1,0.9718271493911743
1,1,0.893095076084137
0,1,0.7317132353782654
0,0,0.002246445743367076
0,0,0.0005745331291109324
0,0,6.598992968065431e-06
0,0,3.5829198168357834e-05
0,0,0.2516752779483795
0,1,0.5544231534004211
0,0,0.008135567419230938
0,0,0.21215488016605377
0,0,4.5208125811768696e-06
0,0,0.0003648809215519577
0,0,0.009304134175181389
0,0,1.8044436728814617e-05
0,0,2.6144651201320812e-05
0,0,0.33922290802001953
0,0,0.36037683486938477
0,1,0.5399612188339233
0,0,9.885899089567829e-06
0,0,0.10667891800403595
0,0,0.0036370735615491867
0,0,0.3070039749145508
0,1,0.6049765944480896
0,0,0.14643800258636475
0,0,0.4383276104927063
0,0,6.713256880175322e-05
0,0,0.0001389177341479808
1,1,0.9653091430664062
0,0,1.5637597243767232e-05
0,0,3.3022675779648125e-05
0,0,0.00020854914328083396
0,0,0.304889053106308
0,0,0.00023618330305907875
0,0,0.21549440920352936
0,0,4.401843762025237e-05
0,0,7.590019959025085e-05
0,0,0.3087042570114136
0,0,5.440530730993487e-05
0,1,0.5809308290481567
0,1,0.9162248969078064
0,1,0.5319467186927795
0,0,0.3184104859828949
0,1,0.5474686622619629
0,0,0.29916396737098694
1,1,0.8981470465660095
0,0,0.3234322965145111
0,0,0.013982283882796764
0,0,0.00010291628132108599
0,0,0.39609768986701965
0,0,0.09147308021783829
0,0,0.42872345447540283
0,1,0.6235384941101074
0,0,0.00023683930339757353
0,1,0.610019862651825
0,0,0.0004851359117310494
0,0,0.1364409476518631
0,0,1.2598040484590456e-05
0,0,0.008396589197218418
0,1,0.6346082091331482
0,0,1.5473657185793854e-05
0,1,0.5395732522010803
0,0,0.04583282023668289
1,1,0.9986382126808167
0,0,0.2845287621021271
0,0,0.35475805401802063
0,0,0.09809839725494385
0,0,0.013464728370308876
0,1,0.5723857283592224
0,0,0.004214579705148935
0,1,0.8446127772331238
0,0,2.6350326152169146e-05
0,0,0.007064152974635363
0,0,0.0005395172047428787
0,0,0.00017381805810146034
0,0,0.00019017400336451828
0,0,0.025191262364387512
0,1,0.6697458028793335
0,0,0.46336629986763
0,0,0.00016466755187138915
0,0,0.020878219977021217
0,1,0.5490679144859314
0,0,1.456720110581955e-05
0,0,0.05685509368777275
0,0,0.3335713744163513
0,0,0.27580058574676514
0,0,0.22245486080646515
0,0,6.148503598524258e-05
0,0,3.27124071191065e-05
0,0,4.250268102623522e-05
0,0,0.3134863078594208
0,0,0.24483096599578857
0,0,0.48999765515327454
0,0,0.0002607966889627278
0,1,0.6683449745178223
0,0,0.006832245737314224
1,1,0.9358707070350647
0,1,0.6021533608436584
0,0,6.10528559263912e-06
0,0,0.49695947766304016
0,0,9.769872121978551e-05
0,0,3.095957436016761e-05
0,0,7.414705032715574e-05
0,0,0.009259633719921112
1,1,0.7622028589248657
0,0,0.0008169420179910958
0,0,0.41033095121383667
0,0,4.947324123349972e-05
0,1,0.6120360493659973
0,0,0.0030109514482319355
0,0,0.16901592910289764
0,0,0.2987533509731293
0,0,0.04879993200302124
0,0,0.07955888658761978
0,1,0.6503962278366089
0,1,0.520197868347168
0,0,0.19854982197284698
0,0,0.3567458987236023
0,0,0.000236529900575988
0,0,2.2021007680450566e-05
0,0,0.00012817564129363745
0,0,0.4696604013442993
0,0,0.2403050661087036
0,0,0.46909934282302856
1,1,0.5937849879264832
0,1,0.6201248168945312
0,0,5.627746577374637e-05
0,0,0.44685932993888855
0,1,0.7286252379417419
0,0,0.37559381127357483
0,0,0.38568103313446045
0,0,0.0003441853041294962
0,0,0.0781405046582222
0,0,0.0035254964604973793
1,1,0.9570475816726685
0,0,1.2330658137216233e-05
0,0,0.030707264319062233
0,0,0.002737572183832526
0,1,0.6358766555786133
0,0,0.003157661994919181
0,0,1.241789050254738e-05
0,1,0.796883225440979
0,0,0.013809611089527607
0,0,3.4142645745305344e-05
0,1,0.6190391778945923
0,1,0.6802397966384888
0,0,0.13364361226558685
1,1,0.9786559343338013
0,0,0.3912283778190613
0,0,0.00321367708966136
0,0,0.21995292603969574
0,0,0.00016502263315487653
0,0,5.018237425247207e-05
0,0,0.20910625159740448
0,0,0.0001714752143016085
0,0,0.00027597419102676213
0,0,0.4400216042995453
0,1,0.5601688623428345
0,0,0.0031173117458820343
0,1,0.6526503562927246
0,0,0.3460940718650818
0,0,0.10688768327236176
0,1,0.537897527217865
0,0,0.057057127356529236
0,0,0.005150115583091974
0,0,0.45560967922210693
0,0,0.17840418219566345
0,0,0.26956161856651306
0,0,4.004062066087499e-05
0,0,0.47029924392700195
1,1,0.8068588376045227
0,0,0.0007145303534343839
0,0,0.00020166300237178802
0,0,0.005527102388441563
0,0,0.2258879393339157
0,1,0.5837607383728027
0,0,7.005423685768619e-05
1,1,0.9325168132781982
0,0,0.021137140691280365
0,1,0.6791265606880188
0,0,4.921448271488771e-05
0,0,0.013448016718029976
0,0,0.08150584995746613
0,0,0.36527785658836365
0,1,0.7554939985275269
0,1,0.6896092891693115
0,1,0.6777019500732422
0,0,3.0425389923038892e-05
0,0,0.46850892901420593
0,0,0.34762853384017944
0,0,7.833205017959699e-05
0,0,1.709656680759508e-05
0,0,0.00016903268988244236
0,0,0.0036201593466103077
0,0,0.4431430697441101
0,1,0.552266538143158
0,0,0.2655559480190277
0,0,0.28091463446617126
0,0,0.3954142928123474
0,0,0.0002447685110382736
0,0,0.022058626636862755
0,0,1.7603413652977906e-05
0,0,0.33119410276412964
0,0,0.2501142621040344
0,0,9.960048191715032e-05
0,1,0.7501711845397949
0,0,0.00010860923794098198
0,1,0.6391280889511108
0,1,0.6295181512832642
0,0,6.869393109809607e-05
0,0,4.624115535989404e-05
0,0,0.07844232767820358
0,0,0.2074451446533203
0,0,0.27220362424850464
0,0,2.4348002625629306e-05
0,0,0.01671532727777958
0,1,0.5586392879486084
0,0,0.3633466064929962
0,0,4.2767605918925256e-06
1,1,0.972135066986084
0,0,1.5067536878632382e-05
0,0,0.01430655736476183
0,1,0.5235229134559631
0,0,8.416930359089747e-05
0,1,0.5300727486610413
0,0,1.2939600310346577e-05
0,0,0.032456427812576294
0,0,0.0005338922492228448
0,0,0.013191668316721916
0,0,0.20381256937980652
0,0,0.31206855177879333
0,0,0.451280802488327
0,1,0.6506307125091553
0,1,0.5430508852005005
0,0,0.006275576539337635
0,1,0.6945517063140869
0,0,0.00016711598436813802
0,0,0.12535902857780457
0,0,1.0788937288452871e-05
0,0,0.17110778391361237
0,0,0.00013920640049036592
0,0,5.905218131374568e-05
0,0,0.00502739567309618
0,0,0.28155797719955444
0,0,0.07312331348657608
0,1,0.6688828468322754
0,0,0.010259994305670261
0,0,0.008147627115249634
0,0,0.29762405157089233
0,0,0.005552894435822964
0,0,4.10865104640834e-05
0,0,4.857633757637814e-05
0,1,0.768349289894104
0,0,0.00293214013800025
0,0,0.05396832525730133
0,0,0.4250885546207428
0,0,0.0063326056115329266
0,1,0.6637929081916809
0,0,0.3493208885192871
0,0,0.4833642542362213
1,1,0.89765465259552
0,0,0.2377385050058365
0,0,4.0036153222899884e-05
0,1,0.6632058024406433
0,0,0.001658282126300037
0,0,0.004900364205241203
0,1,0.7075363397598267
0,1,0.5745607018470764
0,0,0.02977842465043068
0,0,0.00018155445286538452
0,0,0.4334571957588196
0,0,0.05283818766474724
0,0,2.9990140319569036e-05
0,0,0.007398718968033791
0,0,0.0008010570891201496
0,0,0.25694581866264343
0,0,5.798131041956367e-06
0,0,1.8041460862150416e-05
0,0,0.002168582286685705
0,0,2.408875479886774e-05
0,1,0.5384470224380493
0,0,0.10169924795627594
0,0,3.129682590952143e-05
0,0,0.0019743042066693306
0,0,1.633499596209731e-05
0,0,0.00120410171803087
0,0,0.3901430070400238
0,0,0.47442933917045593
0,0,0.4793568253517151
0,0,5.183104804018512e-06
0,0,3.255937554058619e-05
0,0,0.00010366561764385551
0,0,8.474389687762596e-06
0,0,0.021169615909457207
0,0,0.0031396360136568546
0,0,0.10537322610616684
0,0,6.793201464461163e-05
0,1,0.5770230889320374
0,0,0.2143101841211319
0,0,5.647803845931776e-06
0,0,0.4140254557132721
0,0,0.004241075832396746
0,0,0.1520991325378418
0,0,0.02427700161933899
0,0,2.4045903046499006e-05
0,1,0.6257774233818054
0,0,0.004715427756309509
0,1,0.5082283616065979
0,0,0.1668085753917694
0,0,0.026904257014393806
0,0,0.4360567331314087
1,1,0.8939322829246521
0,1,0.5903207063674927
0,0,0.00509923230856657
0,0,0.15135592222213745
0,0,0.0008879901142790914
0,0,9.167189273284748e-05
0,1,0.5024433135986328
0,1,0.6761747002601624
0,0,0.0250269565731287
0,0,0.022962195798754692
0,1,0.7519820332527161
0,0,0.3977700471878052
0,0,1.3420894902083091e-05
0,0,0.4154030680656433
0,0,0.27451926469802856
0,1,0.6715718507766724
0,0,0.07352156192064285
0,1,0.6427733898162842
0,0,3.8212925574043766e-05
0,0,1.5118008604986244e-06
0,0,0.004053964279592037
0,1,0.630347490310669
0,1,0.5950329303741455
0,1,0.7107097506523132
0,0,0.005940415430814028
0,0,6.981915066717193e-05
0,0,0.001305837999098003
0,0,0.3986167311668396
0,0,7.41248186386656e-06
0,0,2.2534180970978923e-05
0,0,0.013494168408215046
0,1,0.5037018060684204
0,0,0.007025633938610554
0,0,8.060274922172539e-06
0,0,0.002450839849188924
0,0,9.365500773128588e-06
0,0,0.33306801319122314
0,0,5.640114613925107e-05
0,0,0.3448903262615204
0,0,0.0004276287800166756
0,0,0.07376221567392349
0,1,0.5691627860069275
0,0,2.6181176508544013e-05
0,0,0.07354985922574997
0,0,0.14088071882724762
0,0,0.14007557928562164
0,0,0.2491026669740677
0,0,0.037697967141866684
0,0,0.4076344966888428
0,0,0.0011355018941685557
0,0,6.569834658876061e-05
0,0,0.14141415059566498
0,0,4.906891717837425e-06
0,0,3.2658976124366745e-05
0,0,0.36834031343460083
0,0,0.3596329689025879
0,0,0.005960559938102961
0,0,9.15509881451726e-05
0,0,1.0124272193934303e-05
0,0,0.0014143848093226552
0,0,0.0003917063295375556
0,0,1.5596609955537133e-05
0,0,0.012823567725718021
0,1,0.6195475459098816
0,0,0.4355604946613312
0,0,0.00012266909470781684
0,1,0.7624177932739258
0,0,0.003158892970532179
0,0,4.0284518036060035e-05
0,0,0.3393687307834625
0,0,0.4460582137107849
0,0,0.04300348833203316
0,0,0.04174529388546944
0,0,0.06523211300373077
0,0,0.00011030762107111514
0,0,0.0003692671889439225
0,0,0.10520762205123901
0,0,0.01814572513103485
0,0,0.1988414078950882
0,1,0.5139023065567017
0,0,1.6703572327969596e-05
0,0,0.3544809818267822
1,1,0.942544162273407
1,1,0.9882408380508423
0,0,0.0016588869038969278
0,0,0.10037660598754883
0,0,0.0288328155875206
0,0,0.004123440012335777
0,0,0.14083550870418549
0,1,0.7413927316665649
0,0,0.00012946740025654435
0,0,4.2544352254481055e-06
0,0,0.05149395018815994
0,0,0.44992902874946594
0,0,3.608190672821365e-05
0,0,0.42457738518714905
0,0,3.5326997021911666e-05
0,1,0.6342694759368896
0,0,0.09129305928945541
0,1,0.6153693795204163
0,0,0.00484058354049921
0,0,1.3873815078113694e-05
0,0,0.22102706134319305
0,0,0.02440565638244152
0,0,0.00017939330427907407
0,0,0.28925198316574097
0,0,0.00651475740596652
0,0,2.2831696696812287e-05
0,0,0.22151613235473633
0,0,0.44136014580726624
0,0,1.1120091585326008e-05
0,0,0.022088700905442238
0,0,0.1834058314561844
0,0,0.0007696195971220732
0,0,0.0007408083765767515
0,0,6.978455530770589e-06
0,0,4.849016113439575e-05
0,0,0.0001830046676332131
0,0,0.17771734297275543
0,0,0.37866511940956116
0,0,0.375225305557251
0,0,0.006123335100710392
0,0,0.36100322008132935
0,0,0.018042564392089844
1,1,0.9453290700912476
0,0,0.30531132221221924
0,1,0.7379072904586792
0,0,0.4354175627231598
0,0,0.32726699113845825
0,0,2.7430785394244594e-06
0,0,4.071654984727502e-05
0,0,8.706702647032216e-05
0,0,5.3443196520674974e-05
0,1,0.5020986795425415
0,1,0.5239414572715759
0,0,0.0020559525582939386
0,0,0.21593673527240753
0,0,2.6617717594490387e-05
0,0,2.2987076590652578e-05
0,0,6.771419975848403e-06
0,0,3.0317848995764507e-06
0,0,0.00014219152217265218
0,0,0.2045409083366394
0,0,0.49337610602378845
0,0,0.4649668335914612
0,0,5.6477405451005325e-05
0,0,0.004568279720842838
0,0,0.4667493402957916
0,0,0.08799950033426285
0,0,0.004175197798758745
0,1,0.697769284248352
0,0,0.016101235523819923
0,0,0.005207567010074854
0,0,2.785147080430761e-05
0,0,0.015974463894963264
0,0,0.43765535950660706
0,0,0.32874664664268494
0,0,0.0001557953655719757
0,0,3.2172808914765483e-06
0,0,1.5359937606262974e-05
1,1,0.8648352026939392
0,0,0.00011126748722745106
1,1,0.8007370829582214
0,0,0.0007426440715789795
0,1,0.6032397747039795
0,0,0.00015262504166457802
0,0,2.2482872736873105e-06
0,0,0.040506135672330856
0,0,0.18200616538524628
0,0,0.03914662450551987
0,0,0.35581174492836
0,1,0.6031862497329712
0,0,0.23069997131824493
0,1,0.6100330948829651
0,0,1.7719394236337394e-05
0,0,0.22702723741531372
0,0,0.3174215853214264
0,0,0.0022661779075860977
0,1,0.6330981850624084
0,0,0.17448493838310242
0,0,0.15544696152210236
0,0,0.1737680286169052
0,0,0.00999644584953785
0,0,3.594180270738434e-06
0,1,0.6036730408668518
0,1,0.6041197776794434
0,0,0.005470192525535822
0,0,0.31288865208625793
0,0,0.0012290721060708165
0,0,5.2603441872633994e-05
0,0,0.047706447541713715
0,0,0.00033087178599089384
0,0,0.45672813057899475
0,0,0.48193657398223877
0,0,0.0029892781749367714
0,0,0.3599271774291992
0,1,0.595683753490448
0,0,0.457440048456192
0,0,0.31822577118873596
0,0,0.24013754725456238
0,0,0.0001001518321572803
0,0,0.4491041898727417
0,0,0.00039764767279848456
0,0,0.0023456348571926355
0,0,1.6437006706837565e-05
0,0,0.019661808386445045
0,0,0.01905166544020176
0,0,6.728279004164506e-06
0,1,0.6789395213127136
1,1,0.9496122598648071
0,0,0.007937093265354633
0,1,0.8599974513053894
0,0,0.283372163772583
0,0,0.194478377699852
0,0,0.00027798512019217014
0,0,0.2141338437795639
1,1,0.9660783410072327
0,0,0.003821436082944274
0,0,0.007920223288238049
0,0,0.01281513087451458
0,0,0.0031711540650576353
0,0,1.3020532605878543e-05
0,0,0.000109528424218297
0,0,0.0004109811270609498
0,0,0.12095727771520615
1,1,0.9446651935577393
0,0,5.28078726347303e-06
0,0,0.1778710037469864
0,0,0.0062106940895318985
0,1,0.8193665742874146
0,1,0.964490532875061
0,0,0.2346198707818985
0,0,0.13084404170513153
0,0,6.873155598441372e-06
0,0,0.47878146171569824
0,0,0.4368097484111786
1,1,0.9459617137908936
0,0,0.4967687427997589
0,0,0.0007806899375282228
0,0,7.693980478507001e-06
0,0,0.3761122524738312
0,0,0.45523181557655334
0,0,0.3405020534992218
0,1,0.632048487663269
0,0,0.002502522664144635
0,0,6.23332743998617e-05
0,0,0.2799970805644989
0,0,0.15551471710205078
0,0,0.22146540880203247
0,0,0.0006802498828619719
0,0,0.0006114865536801517
0,0,0.00021836403175257146
0,0,0.0001420102344127372
0,0,0.003708380041643977
0,0,0.0004774880362674594
0,0,0.02283295802772045
0,0,0.0007528741261921823
0,0,0.004356084857136011
0,0,8.224799967138097e-05
0,0,0.0031854817643761635
0,0,0.024462660774588585
0,0,0.028462115675210953
0,0,0.004020480439066887
0,0,0.29229986667633057
0,0,0.31663474440574646
0,0,2.356866025365889e-05
0,0,0.0003783654829021543
0,0,0.1725456565618515
0,0,1.5376117517007515e-05
0,0,0.007998127490282059
0,0,0.0012658293126150966
0,0,5.1121583055646624e-06
0,0,2.1764646589872427e-05
0,0,0.14439374208450317
0,0,2.306083115399815e-05
0,0,2.0292891349527054e-05
0,0,2.0163510271231644e-05
0,0,0.0004200597177259624
0,0,0.01714974455535412
0,0,0.4035051763057709
0,0,0.18690618872642517
0,0,3.3737804187694564e-05
0,0,0.211199551820755
0,0,0.025769809260964394
0,1,0.7556889653205872
0,0,0.39079469442367554
1,1,0.5595857501029968
0,0,0.033113859593868256
0,0,0.0003381631104275584
0,0,0.4601201117038727
0,0,0.3461573123931885
0,0,9.040149052452762e-06
0,0,0.0019607339054346085
0,1,0.5163706541061401
0,1,0.6064979434013367
0,1,0.5286577343940735
0,0,7.338395334954839e-06
0,0,0.3652079105377197
0,0,0.03537135198712349
0,0,0.00912117213010788
0,0,0.44508877396583557
0,0,0.0011651734821498394
0,0,5.8739795349538326e-05
0,0,3.3227624953724444e-05
0,0,3.6489949707174674e-05
0,1,0.5168960690498352
0,0,0.11918341368436813
0,0,0.08976038545370102
0,0,0.004269975237548351
0,0,0.02766750380396843
0,0,0.00023342587519437075
0,0,0.2152685672044754
0,0,5.324967423803173e-05
0,1,0.7253603339195251
0,0,0.006020345259457827
0,0,0.00020967968157492578
0,0,0.0019540407229214907
0,0,0.04060754179954529
0,0,0.0002678742748685181
0,0,0.15805086493492126
0,1,0.5743335485458374
0,0,0.16700248420238495
0,0,0.43260321021080017
0,0,5.515250450116582e-05
0,1,0.6334871649742126
0,0,0.4373463988304138
0,0,0.08550073206424713
0,0,0.09158723801374435
1,1,0.8382440805435181
0,0,0.0007013294380158186
0,0,5.576189869316295e-05
0,0,0.020508751273155212
0,0,0.000297901890007779
0,0,0.00016990237054415047
0,0,3.779095277423039e-05
0,0,0.3704413175582886
0,0,0.4588303565979004
0,0,0.23711428046226501
0,0,0.00010281032882630825
0,0,0.3094874322414398
0,0,0.026670916005969048
0,0,0.0007835044525563717
0,0,6.376756937243044e-05
0,0,0.0024826545268297195
0,0,0.033599287271499634
0,1,0.5918511152267456
0,0,0.4695204794406891
0,1,0.6023848652839661
0,0,0.44501739740371704
0,0,0.014330455102026463
0,0,0.4334495961666107
0,0,4.9098180170403793e-05
0,0,0.00013417605077847838
0,0,0.457746684551239
0,0,0.0038931763265281916
0,0,0.015184362418949604
0,0,0.09057824313640594
0,0,0.000668344902805984
0,0,7.020953489700332e-05
0,0,0.4917532801628113
0,0,0.04802102595567703
0,1,0.5642409920692444
0,0,3.4753668387565995e-06
0,1,0.59196537733078
0,0,7.404996722470969e-05
0,0,0.009541112929582596
0,1,0.7039404511451721
0,1,0.6112499833106995
0,0,1.947580312844366e-05
0,0,0.00015599068137817085
0,0,0.3128856420516968
0,0,8.796896509011276e-06
0,0,0.13026201725006104
0,0,0.01111658662557602
0,0,0.000542164605576545
0,1,0.6419564485549927
0,0,0.010998607613146305
0,0,9.719889931147918e-06
0,0,1.263418289454421e-05
0,0,0.0277232863008976
0,0,0.08978387713432312
0,0,0.005294496659189463
0,1,0.7557516694068909
0,1,0.5930082201957703
0,0,0.005000566132366657
0,0,7.725743671471719e-06
0,0,2.4633614884805866e-05
0,1,0.5428123474121094
0,0,0.000343194289598614
0,0,0.48516935110092163
0,0,1.780149068508763e-05
0,1,0.807289719581604
0,0,0.00023142634017858654
0,0,0.15706214308738708
0,0,1.2885911019111518e-05
0,0,0.3248721957206726
0,0,0.002073449781164527
0,1,0.7093744874000549
0,0,3.0879844416631386e-05
0,0,0.0032975166104733944
0,0,0.2611503005027771
0,0,0.27259692549705505
0,0,0.00014510030450765043
0,0,0.3828812539577484
0,0,0.036472342908382416
0,1,0.5133616328239441
0,0,0.015958258882164955
0,0,0.007351735606789589
1,1,0.96624356508255
0,0,0.33459386229515076
0,0,0.14581389725208282
0,0,0.3582838773727417
0,0,0.0003074175619985908
0,0,0.0014072753256186843
0,1,0.5700021982192993
0,0,0.00016850550309754908
0,0,0.3328820466995239
0,0,4.554306542559061e-06
0,1,0.8000560998916626
0,0,0.008669877424836159
0,0,0.00028620444936677814
0,0,0.005877985619008541
0,0,0.20206552743911743
0,0,0.17815807461738586
0,0,0.02565225027501583
0,0,2.0040204617544077e-05
0,0,0.00018973606347572058
0,1,0.6404539346694946
0,0,0.07727937400341034
0,0,0.0018961842870339751
0,0,1.9051070921705104e-05
0,0,1.9761548173846677e-05
0,0,0.024443699046969414
0,0,9.319656965089962e-05
0,0,0.00012187520769657567
0,0,0.22690419852733612
0,0,6.3945972215151414e-06
0,0,0.00022616141359321773
0,0,6.917727205291158e-06
0,0,1.4908707271388266e-05
0,0,0.4413685202598572
0,0,0.0190260149538517
1,1,0.9389949440956116
0,0,0.0004341269959695637
0,0,0.01645355485379696
0,0,7.541954255430028e-05
0,0,7.078939688653918e-06
0,0,0.22766371071338654
0,0,0.35466885566711426
0,0,0.48100635409355164
0,0,2.852748912118841e-05
0,1,0.6089941263198853
0,0,0.003154651029035449
0,0,0.00013022041821386665
0,0,0.0009007246699184179
0,0,0.4011232256889343
0,0,0.3713160455226898
0,0,0.00017785497766453773
0,0,2.654840500326827e-05
0,0,0.1293301284313202
0,0,0.000535466824658215
0,0,0.40164488554000854
0,0,2.146905353583861e-05
0,1,0.5555972456932068
0,0,0.16161945462226868
0,0,0.14499583840370178
0,1,0.6305480599403381
0,0,0.0001666368916630745
0,0,4.216864181216806e-05
0,0,5.401079761213623e-06
0,0,0.012591605074703693
0,0,0.31709423661231995
0,0,0.00105651980265975
0,0,4.534149047685787e-05
0,0,0.37640872597694397
0,0,0.014723672531545162
0,1,0.8368886709213257
0,0,4.26945780418464e-06
0,0,0.019857585430145264
0,0,0.0013259906554594636
1,1,0.9457228183746338
0,0,0.0049567013047635555
0,0,1.7443371689296328e-05
0,0,1.1589777386689093e-05
0,0,2.6648956918506883e-05
0,1,0.5187797546386719
0,0,0.0008545820019207895
0,0,1.1733261089830194e-05
0,0,0.3594110310077667
0,1,0.5324046611785889
0,0,0.3286154568195343
0,0,7.079504575813189e-05
0,0,0.0032935196068137884
0,0,0.01231806818395853
0,0,0.4315492510795593
0,0,0.00016265246085822582
0,0,0.16666150093078613
1,1,0.9232959151268005
0,1,0.5488582849502563
0,0,0.0009025313192978501
0,0,0.005576422903686762
0,0,0.41487959027290344
0,1,0.6212525367736816
0,0,5.460603642859496e-05
0,0,0.23474152386188507
0,0,0.008618847467005253
0,0,1.4831986845820211e-05
0,0,0.06981272250413895
0,0,0.011379005387425423
0,0,0.005269793327897787
0,1,0.6043974161148071
0,0,2.1644159460265655e-06
0,0,2.637802026583813e-06
0,1,0.5022157430648804
0,0,0.1920408457517624
0,1,0.5653185844421387
0,1,0.5898098349571228
0,0,0.2031935751438141
0,0,0.18020276725292206
1,1,0.8932021260261536
0,0,6.79858640069142e-05
0,0,0.290103942155838
1,1,0.9373902678489685
0,0,0.021604035049676895
0,0,0.04029792547225952
0,0,0.01286183949559927
0,0,0.0001782311883289367
0,1,0.5120112299919128
0,1,0.522287905216217
0,0,0.23853307962417603
0,0,0.006200272589921951
0,1,0.5134446620941162
0,0,0.08104268461465836
0,0,0.058425191789865494
0,1,0.7063025832176208
0,0,0.0020896021742373705
0,0,0.19419972598552704
0,0,2.0882445824099705e-05
0,0,0.1659289300441742
0,0,3.869906140607782e-05
0,0,0.07504191994667053
0,0,0.2922702729701996
0,0,2.2045296645956114e-05
0,1,0.5732011795043945
0,0,2.6419194909976795e-05
0,0,0.0008043847628869116
0,0,1.2362353118078317e-05
0,0,0.00020784977823495865
0,0,2.9717799407080747e-05
0,0,0.15486204624176025
0,0,0.02226174622774124
0,0,0.055870216339826584
0,0,0.0003550791007000953
0,1,0.6175895929336548
0,1,0.8327122330665588
0,0,0.01548432931303978
0,0,1.9114730093861e-05
1,1,0.9884491562843323
0,0,0.16203665733337402
0,0,2.7991236493107863e-06
0,0,0.4404163062572479
0,0,0.0030941276345402002
0,1,0.5964372158050537
0,0,0.00019078059995081276
0,0,0.13995282351970673
0,0,5.905567013542168e-05
0,0,0.3168540596961975
0,0,0.0003686414274852723
0,0,1.1868192814290524e-05
0,0,0.25048789381980896
0,0,7.566135991510237e-06
0,0,0.322801798582077
0,0,2.958628101623617e-05
0,0,0.2600075304508209
0,0,0.12144456058740616
0,0,0.2590695023536682
1,1,0.9423770308494568
0,0,0.006655178964138031
0,0,0.24145744740962982
0,0,0.10737098753452301
1,1,0.9285079836845398
0,0,0.101619653403759
0,0,0.4527151882648468
0,1,0.6429237723350525
0,0,0.007493602577596903
0,0,0.00038669936475344
0,0,0.11013198643922806
0,0,0.19957926869392395
0,1,0.5117819309234619
0,0,6.37736520729959e-05
0,0,0.26806798577308655
0,0,1.394275932398159e-05
0,1,0.5474647283554077
0,0,0.000899606675375253
0,0,0.0004155169299338013
0,0,0.08916129916906357
0,0,0.37317124009132385
0,0,1.4885648852214217e-05
0,0,2.3577599677082617e-06
0,0,0.02728218585252762
0,0,0.01923426054418087
0,0,0.0009429801721125841
0,0,0.2358654886484146
0,0,0.00010917951294686645
0,0,8.500406693201512e-05
0,0,0.0017993981018662453
0,0,0.04314069077372551
0,0,0.3451021611690521
0,0,7.304538939933991e-06
0,0,0.11319288611412048
0,0,0.4075714349746704
0,0,0.0001304269680986181
0,0,0.12323969602584839
0,0,0.26836469769477844
0,0,0.03331931680440903
0,0,0.03171142563223839
0,1,0.8085387945175171
0,0,0.26070165634155273
0,0,0.013326865620911121
0,0,0.04206811264157295
0,0,0.028603069484233856
0,0,0.004615054465830326
0,1,0.6494415402412415
0,0,0.3160220980644226
0,0,0.0002642242470756173
0,0,0.4042971730232239
0,0,0.001857282593846321
0,0,0.0005216235877014697
0,0,0.08074288070201874
0,1,0.5124080181121826
0,0,0.2689951956272125
0,0,0.0018131867982447147
0,1,0.6039115190505981
0,0,0.07447498291730881
1,1,0.8998130559921265
0,0,0.00486327987164259
0,0,0.004091124515980482
0,0,0.00016303117445204407
0,0,0.00016956280160229653
0,1,0.5928202867507935
0,1,0.5273492336273193
0,1,0.6053677797317505
0,0,0.46449214220046997
1,1,0.9632415771484375
0,0,0.0002659768215380609
0,0,0.001092036603949964
0,0,0.0007352704415097833
0,1,0.6609768867492676
0,0,0.0016821478493511677
0,0,0.4408288300037384
0,0,0.008201823569834232
0,0,4.8040528781712055e-05
0,0,7.67034143791534e-05
0,1,0.6825295686721802
0,0,0.33435702323913574
0,0,2.268416210426949e-05
0,0,0.01749853603541851
0,0,0.1035618856549263
0,0,0.44169187545776367
0,0,0.3819148540496826
0,0,0.27793315052986145
0,1,0.5030768513679504
0,0,0.1360480785369873
0,0,5.3197607485344633e-05
0,1,0.5514155626296997
0,0,2.1214444132056087e-05
0,0,0.49981123208999634
0,0,0.1817074418067932
0,0,1.7486208889749832e-05
0,0,0.15049856901168823
0,0,0.45485883951187134
0,0,0.0803837850689888
0,0,0.301296591758728
0,0,1.6662810594425537e-05
0,0,0.00047141563845798373
0,0,2.4671277060406283e-05
0,0,2.9199771233834326e-05
0,0,0.018558509647846222
0,0,5.131873331265524e-05
0,0,0.47456416487693787
0,0,0.0002565141476225108
0,0,0.00010091462900163606
0,0,0.2715453803539276
0,0,0.1965969204902649
0,0,5.081684503238648e-05
0,0,0.01502329669892788
0,0,0.07352025806903839
0,1,0.6819000840187073
0,0,7.604880465805763e-06
0,0,0.0034178344067186117
0,0,0.43158480525016785
0,0,1.0236973139399197e-05
0,0,0.0027514100074768066
0,0,0.0003959005989599973
0,0,0.06126948818564415
0,0,7.990332233021036e-05
0,0,0.03526883199810982
0,0,0.22393614053726196
0,0,0.13952691853046417
0,0,0.0009615069720894098
0,0,0.04450505971908569
0,0,0.0010817833244800568
0,1,0.6383653283119202
0,0,0.0004144255071878433
0,0,8.604551840107888e-05
0,1,0.750883936882019
0,0,0.14425775408744812
0,0,0.00011565866589080542
0,1,0.8042004108428955
0,0,0.001971378456801176
0,0,0.017841000109910965
0,1,0.669852614402771
0,0,0.07098047435283661
0,1,0.67378169298172
0,0,0.16824592649936676
0,0,0.2684841454029083
0,0,5.801559018436819e-05
0,0,0.4388049244880676
0,0,0.0005345050594769418
0,0,0.15083728730678558
0,1,0.5454217791557312
0,1,0.5979865789413452
0,0,0.0192707609385252
0,0,8.111262104648631e-06
0,0,0.23732802271842957
0,0,0.0018646403914317489
0,0,0.0008318689651787281
0,0,3.124347858829424e-05
0,0,0.3779202699661255
0,0,6.359686813084409e-05
0,0,0.002464145887643099
0,1,0.5516840219497681
0,0,0.0001566958089824766
0,0,2.1898746126680635e-05
0,1,0.5814804434776306
0,0,0.024565065279603004
0,0,0.0002999804855789989
0,0,0.0002211085957242176
0,0,0.0037682335823774338
0,0,0.00056713807862252
0,0,0.00015239062486216426
0,1,0.5197083353996277
0,0,7.886893581598997e-05
0,0,1.7497217413620092e-05
0,0,4.922382504446432e-05
0,0,0.2975248098373413
0,0,0.00012055580737069249
0,1,0.5549838542938232
0,0,0.008390127681195736
0,0,0.011365415528416634
0,0,0.006291404366493225
0,0,1.518371300335275e-05
0,1,0.5809945464134216
0,0,1.4991112948337104e-05
0,0,0.0002736235910560936
0,0,4.585389615385793e-05
0,0,0.08235447108745575
0,0,0.056125249713659286
0,0,0.00040014582918956876
0,0,0.15562233328819275
0,0,3.6747424019267783e-06
0,1,0.5958289504051208
0,0,0.21386149525642395
0,0,7.903087862359826e-06
0,0,0.014024479314684868
0,0,0.20479178428649902
0,0,1.531725501990877e-05
0,0,0.00010108636342920363
0,0,0.010974845848977566
0,0,0.4310927987098694
0,0,6.372039206326008e-05
0,0,0.00028384357574395835
0,0,0.0024076744448393583
0,0,0.00010802061296999454
0,0,0.3480951488018036
0,0,0.30914855003356934
0,0,0.0009379328694194555
0,0,0.1540411114692688
0,0,0.040747154504060745
0,0,0.03382810205221176
0,0,0.11609557271003723
0,0,0.10960613936185837
0,0,0.014438525773584843
0,1,0.8693100214004517
0,1,0.5450130701065063
0,0,0.005488662980496883
0,0,0.20349742472171783
0,0,0.0647093653678894
0,0,0.3732965588569641
0,0,3.1338640837930143e-06
0,0,0.013289941474795341
0,0,0.4451075792312622
0,0,0.006391027010977268
0,0,0.3883325159549713
0,0,0.0007459749467670918
0,0,0.011862825602293015
0,0,0.04163626581430435
0,0,0.03432018682360649
0,0,0.36911940574645996
0,1,0.5703738927841187
0,0,2.7439382392913103e-05
0,0,0.1386936753988266
0,0,4.596999588102335e-06
0,0,0.2577439844608307
0,0,0.0011372963199391961
0,0,0.20896750688552856
0,1,0.6785266995429993
0,0,0.07466737926006317
0,0,4.053144220961258e-05
0,0,3.3837154660432134e-06
0,0,2.2146721221361076e-06
0,0,0.0387958288192749
0,0,0.000585886009503156
0,0,0.00010716586984926835
0,1,0.6996734738349915
0,0,1.525915286038071e-05
0,0,0.016078663989901543
0,0,9.81651737674838e-07
0,0,0.000511196325533092
0,0,0.005045632366091013
0,0,0.2596206068992615
0,0,4.750708467327058e-05
0,0,0.0004966959240846336
0,0,0.01003311201930046
0,0,0.02794729918241501
0,0,6.215424946276471e-05
0,0,0.18890704214572906
0,0,0.18826107680797577
0,0,2.886251240852289e-05
0,1,0.5338079929351807
0,0,0.030209431424736977
0,0,3.372307037352584e-05
0,1,0.5585666298866272
0,0,0.20615154504776
0,0,1.4786342035222333e-05
0,1,0.6377254128456116
0,0,1.468457321607275e-05
0,0,0.44741350412368774
0,0,0.0025161097291857004
0,0,0.20218054950237274
0,0,3.633158121374436e-05
0,0,1.5017112673376687e-05
0,0,0.23689411580562592
0,1,0.6100527048110962
0,0,3.7737470847787336e-05
0,0,5.561123089137254e-06
1,1,0.7173573970794678
0,0,0.47000905871391296
0,0,0.015408563427627087
0,0,0.02487276680767536
0,1,0.6809151768684387
0,0,2.5043013010872528e-05
0,0,0.018040016293525696
0,0,0.003852540859952569
0,0,0.0019494439475238323
0,0,8.04648152552545e-06
0,0,0.008970020338892937
0,0,0.21916715800762177
0,0,0.22230218350887299
0,0,2.5183740945067257e-05
0,0,0.005005221348255873
0,0,0.2804524004459381
0,0,0.10534442961215973
0,0,0.4950253665447235
0,0,0.0007341879536397755
0,0,3.567539533833042e-05
0,0,7.95802588982042e-06
0,0,5.171362136024982e-05
0,0,2.40683166339295e-05
0,0,6.155240953376051e-06
0,0,0.00180254434235394
0,0,0.4839072525501251
0,0,0.00011772762809414417
0,1,0.5227774977684021
0,0,4.9769412726163864e-05
0,0,0.004109685309231281
0,0,9.913022950058803e-05
0,0,0.3198438882827759
0,1,0.6082829236984253
0,0,0.0024177893064916134
0,0,0.16287338733673096
0,0,5.6896847127063666e-06
0,0,0.004777692724019289
1,1,0.9492478966712952
0,0,0.3644263446331024
0,0,0.04204206541180611
0,0,0.08054376393556595
0,0,0.3895801305770874
0,1,0.5017723441123962
0,0,0.11458773910999298
0,0,0.0005513221840374172
0,0,4.931060175294988e-06
0,0,0.23438599705696106
0,0,3.4142645745305344e-05
1,1,0.9255186915397644
0,1,0.5871005058288574
0,0,3.3234566217288375e-05
0,0,0.33098071813583374
0,0,0.34872373938560486
0,0,0.15771566331386566
0,0,0.006922071799635887
0,0,0.0005714681465178728
0,0,0.0023400913923978806
0,0,0.16802401840686798
0,0,7.32349362806417e-05
0,0,0.25612467527389526
0,0,0.029611261561512947
0,0,0.2893528342247009
0,0,0.0007086474797688425
0,0,2.8912485504406504e-05
0,0,1.68545466294745e-05
0,0,5.602627425105311e-05
0,0,0.016920140013098717
0,0,4.06031685997732e-05
0,0,0.00048214744310826063
0,0,0.4248422384262085
0,0,3.918350557796657e-06
0,0,0.04901663586497307
0,1,0.5151500105857849
0,0,3.5712334920390276e-06
0,0,0.3712615966796875
0,0,0.4645214080810547
0,0,9.490981938142795e-06
0,0,0.008587154559791088
0,0,0.12322244048118591
0,0,0.0006046929629519582
0,0,7.812913827365264e-05
0,0,2.680126272025518e-05
0,0,0.0002459780080243945
0,1,0.5584837198257446
0,0,0.0008094665827229619
0,1,0.5948148369789124
0,1,0.7713972926139832
0,0,0.32799699902534485
0,0,3.8410144043155015e-05
0,0,0.39883339405059814
0,1,0.6723141074180603
0,0,0.4365614652633667
0,0,0.0002590411459095776
0,1,0.7839038372039795
0,0,0.04631970822811127
0,0,5.169844826014014e-06
0,0,2.4548349756514654e-05
0,1,0.5839465856552124
0,0,8.001265814527869e-05
0,0,1.6185698768822476e-05
0,1,0.599205732345581
0,0,1.2975584468222223e-05
0,0,0.21299941837787628
0,0,6.719712109770626e-05
0,0,0.0009163070353679359
0,0,0.02760443091392517
0,0,0.43073832988739014
0,0,0.48298364877700806
0,0,0.08657220005989075
0,1,0.6776912212371826
0,0,0.15882855653762817
0,0,0.1012609452009201
0,0,0.013491116464138031
0,0,0.0004337094142101705
0,0,0.019079310819506645
0,1,0.5336039662361145
1,1,0.9275867938995361
0,0,1.3873815078113694e-05
0,0,0.026700470596551895
0,0,0.055268097668886185
1,1,0.9712939262390137
0,0,0.3032297194004059
0,0,0.33611252903938293
0,0,0.4464086890220642
0,0,4.432776677276706e-06
0,0,0.09745822101831436
0,1,0.5314019918441772
0,0,5.754952780989697e-06
1,1,0.8105170726776123
0,0,0.3254205584526062
0,0,0.002239048946648836
0,0,7.040832861093804e-05
0,0,1.1864514817716554e-05
0,0,0.0014271442778408527
0,0,2.50177599809831e-05
0,0,5.053433415014297e-05
0,0,0.00025942103820852935
0,0,0.13786688446998596
0,0,0.12047763913869858
0,1,0.6711814403533936
0,0,0.18768352270126343
0,0,0.06978257745504379
0,0,0.45899832248687744
0,0,3.3273892768193036e-05
0,0,0.0002306355454493314
0,0,2.9127295420039445e-05
0,0,0.025256037712097168
0,0,0.16758443415164948
0,0,0.21224920451641083
0,0,4.5870117901358753e-05
0,0,0.010173527523875237
1,1,0.9445643424987793
0,0,0.038297660648822784
0,0,0.05571100488305092
0,0,0.1346452385187149
0,0,5.696894049833645e-07
0,1,0.6081423163414001
0,0,0.008339875377714634
0,0,0.33848512172698975
0,0,0.2915378510951996
0,0,8.01626629254315e-06
0,0,0.01941664144396782
0,0,0.0014575368259102106
0,1,0.5811434984207153
0,0,0.11542331427335739
0,0,0.48186925053596497
0,1,0.9443239569664001
0,0,2.696791125345044e-05
0,0,0.019900310784578323
0,0,0.4347027838230133
1,1,0.9796035885810852
0,0,1.1748040378734004e-05
0,0,0.03625544160604477
0,0,0.007387371733784676
0,0,1.363269711873727e-05
0,1,0.7780135869979858
0,0,0.10568522661924362
0,0,0.007288428954780102
0,1,0.6708794236183167
0,0,0.00047226608148775995
0,0,0.004175039008259773
0,0,1.646318992243323e-06
0,0,0.47860226035118103
0,1,0.6566826105117798
0,1,0.7352577447891235
0,0,0.28000274300575256
0,0,0.11742020398378372
0,1,0.5638540387153625
0,0,4.554695260594599e-05
0,0,0.013790467754006386
0,0,0.2011820524930954
0,0,5.7815719628706574e-05
0,0,0.21486477553844452
0,0,0.008241381496191025
0,0,0.010107580572366714
0,0,0.007936852984130383
0,1,0.5833313465118408
0,0,0.1832718402147293
0,0,6.83269536239095e-06
0,0,0.24161826074123383
0,0,0.2821422815322876
0,1,0.7962744235992432
0,0,0.4849476218223572
0,0,0.3783913552761078
0,0,0.27542462944984436
0,0,0.00013545450929086655
0,0,0.00040830267244018614
0,1,0.5795974731445312
0,0,3.43886022164952e-05
0,0,1.892453474283684e-05
0,0,0.007256467826664448
0,0,0.15256105363368988
1,1,0.8968714475631714
0,0,0.0021623384673148394
0,0,8.6886166172917e-06
0,0,0.404335618019104
0,1,0.7512420415878296
0,0,0.24818742275238037
0,0,1.1301443009870127e-05
0,0,5.093634172226302e-05
0,0,0.0014380523934960365
0,1,0.6091048717498779
0,0,4.269836608727928e-06
0,0,0.3056565523147583
0,0,0.4561960995197296
0,0,0.2865004241466522
0,1,0.7019980549812317
0,0,0.003747698850929737
0,0,0.00031140365172177553
0,0,0.0004942825180478394
0,0,0.028206847608089447
0,0,0.013004750944674015
0,1,0.6049046516418457
0,0,0.010545809753239155
0,0,0.0032162072602659464
0,1,0.7071760296821594
0,0,0.32040438055992126
0,0,0.291597843170166
0,0,0.48908132314682007
0,1,0.853644847869873
0,0,0.2074500173330307
0,1,0.6324495077133179
0,0,0.47002673149108887
0,0,0.00024348970327991992
0,1,0.654585599899292
0,0,0.01582421362400055
0,0,0.00017816643230617046
0,1,0.5556071996688843
0,0,0.43976831436157227
0,0,4.9943526391871274e-05
0,0,1.6236484952969477e-05
0,0,0.052388761192560196
0,0,4.996587085770443e-05
0,0,0.0003882339224219322
0,0,0.0021030104253441095
0,0,0.037333812564611435
0,0,0.02015129290521145
0,1,0.617659330368042
0,0,0.35476887226104736
0,1,0.7112443447113037
1,1,0.985822856426239
0,1,0.7071760296821594
0,0,0.42146459221839905
0,0,0.00036343414103612304
0,0,0.4506884813308716
0,1,0.8670982718467712
0,0,1.542543600407953e-06
0,0,0.016463473439216614
0,0,9.971286090149079e-06
0,0,0.2349063605070114
0,0,0.021118782460689545
0,0,3.001182631123811e-05
0,0,0.12080476433038712
0,1,0.6119728684425354
0,0,0.00023572212376166135
0,0,1.7517420928925276e-05
0,0,5.364463504520245e-06
0,0,0.0001023985241772607
0,0,0.031180353835225105
0,0,0.03155844658613205
0,0,0.02089802548289299
0,1,0.6105708479881287
0,0,0.00033419797546230257
0,0,1.0401433428341988e-05
0,0,0.4820331931114197
0,0,0.0005855212220922112
0,0,0.018131840974092484
0,0,0.17684504389762878
0,0,5.0639788241824135e-05
0,0,2.4604081772849895e-05
0,0,0.3309417963027954
0,0,2.3166569008026272e-05
0,0,4.147647996433079e-05
0,0,0.24878357350826263
0,0,4.084644388058223e-05
0,0,8.883595796760346e-07
0,0,0.21326710283756256
0,0,0.00025161440134979784
0,0,0.006950923707336187
0,0,0.06694512814283371
0,0,1.1132696045024204e-06
0,1,0.6968569755554199
0,0,0.0009932090761139989
0,0,0.018145428970456123
0,0,0.15482103824615479
0,0,0.2590297758579254
0,0,7.867638487368822e-06
0,0,1.2348132258921396e-05
0,1,0.5103092193603516
0,0,0.00032371722045354545
0,0,0.0005433539627119899
0,0,0.00018397269013803452
0,1,0.556063711643219
0,1,0.6760897636413574
0,0,0.41196468472480774
0,0,0.015534750185906887
0,0,0.2304867058992386
0,0,1.0023897630162537e-05
0,0,0.03511076048016548
0,1,0.86330646276474
0,0,0.00017631523951422423
0,0,0.0651274174451828
0,0,8.861511560098734e-06
0,1,0.7860187888145447
0,0,0.37640705704689026
0,0,0.05519425868988037
0,0,0.013258145190775394
0,0,2.3241917006089352e-05
0,0,2.686815150809707e-06
0,0,5.5474643886554986e-05
0,1,0.7101762890815735
0,0,2.021697764575947e-05
0,0,0.013293311931192875
0,0,0.48075148463249207
0,0,0.0001917157060233876
0,0,5.850828074471792e-06
0,0,0.030366696417331696
0,0,0.02617305889725685
0,0,0.4222906827926636
0,0,0.154917374253273
0,0,0.0011319159530103207
0,1,0.6841903924942017
0,0,0.0005015042261220515
0,0,1.6987738490570337e-05
0,1,0.8482987284660339
0,0,0.03265317156910896
0,0,0.36451342701911926
0,0,0.0012608597753569484
0,1,0.876788318157196
0,0,0.24540846049785614
0,0,5.6025579397100955e-05
1,1,0.7767228484153748
0,0,0.00567608093842864
0,0,0.00011472674668766558
0,0,0.3782798647880554
0,0,0.0010580840753391385
0,0,1.5322862964239903e-05
0,0,0.4114973843097687
0,0,0.2423795908689499
0,0,0.36735057830810547
0,0,0.00019226015137974173
0,0,8.502342097926885e-06
0,0,0.12554270029067993
0,1,0.5091938376426697
0,0,0.00026579125551506877
0,0,8.280769543489441e-05
0,0,0.015311358496546745
0,0,2.519676309020724e-05
0,0,0.451566219329834
0,0,0.19346803426742554
0,0,0.03189771994948387
0,0,0.42266255617141724
0,0,0.41790369153022766
0,0,0.2633362412452698
0,1,0.694769561290741
0,1,0.511110782623291
0,0,0.00015463725139852613
0,0,5.236985089140944e-05
0,0,9.542697625875007e-06
0,0,0.0001303936296608299
0,0,0.27099889516830444
0,0,0.002405406441539526
0,0,1.4619680769101251e-05
0,0,2.3079068341758102e-05
0,0,6.300978839135496e-06
0,0,0.0025526892859488726
0,0,0.28353849053382874
0,0,1.7407990526407957e-05
0,1,0.5354870557785034
0,0,0.30378833413124084
0,0,0.021015360951423645
0,0,0.011372522450983524
0,0,0.00022827237262390554
0,0,0.3069121539592743
0,0,0.02552495151758194
0,0,0.06426046788692474
0,0,0.42763790488243103
0,0,4.8687368689570576e-05
0,0,1.8582768461783417e-05
0,0,0.38968759775161743
0,0,4.220090340822935e-05
0,0,9.838900950853713e-06
0,0,0.0015976788708940148
0,0,6.442649464588612e-06
0,1,0.681143045425415
0,0,6.764933004888007e-06
0,0,2.3306749426410533e-05
0,0,0.015780065208673477
0,0,6.646834663115442e-05
0,0,6.879993452457711e-05
0,1,0.5345516204833984
0,1,0.7156315445899963
0,0,2.8515763915493153e-05
0,0,4.491264917305671e-06
0,0,1.4893828847561963e-05
0,0,0.008831938728690147
0,0,0.04025011137127876
0,0,0.40479782223701477
0,0,3.278008989582304e-06
0,0,0.0008396718185395002
0,0,4.265763345756568e-05
0,0,4.263559094397351e-05
0,1,0.640653133392334
0,0,0.40184396505355835
0,0,0.43862274289131165
0,0,0.009594161994755268
0,0,5.8326991165813524e-06
0,0,0.002859335858374834
0,0,2.311237039975822e-05
0,0,0.00524044968187809
0,0,0.2227611392736435
0,0,0.36763662099838257
0,0,0.30501458048820496
0,0,3.06464426103048e-05
0,0,0.29622024297714233
0,0,0.06036132946610451
0,0,0.027837295085191727
0,0,0.41391390562057495
0,0,1.2126749879826093e-06
0,0,0.00011251131218159571
0,0,0.03980501741170883
0,0,0.0003830570785794407
0,0,0.10262122750282288
0,0,0.00038410015986301005
0,1,0.6632627844810486
0,0,0.48312661051750183
0,0,0.06017458066344261
0,0,0.1853850930929184
0,0,0.083521768450737
0,0,0.3988111913204193
0,1,0.7644301652908325
0,0,0.34817638993263245
0,0,2.1208354155533016e-05
0,1,0.5401501655578613
0,0,0.34795716404914856
0,0,0.18975356221199036
0,0,0.000824468326754868
0,0,0.006324125919491053
0,0,3.105496580246836e-05
0,1,0.8193783760070801
0,0,0.0007501051295548677
0,0,0.20605415105819702
0,0,0.020436260849237442
0,0,0.008301791734993458
0,0,9.349556785309687e-05
0,1,0.5315186977386475
0,1,0.7729092240333557
0,0,0.0004313661775086075
0,0,0.3249726891517639
0,0,0.0027629563119262457
0,0,1.9732300643227063e-05
0,0,0.4189598858356476
0,0,5.259010322333779e-06
0,0,0.0005000454839318991
0,0,0.016599256545305252
0,0,0.005109677091240883
0,0,0.10797267407178879
0,0,0.00014542303688358516
0,0,0.19788607954978943
0,0,0.3317929804325104
0,0,5.4757678299210966e-05
0,1,0.6206123232841492
0,0,0.0022482634522020817
0,0,0.42937958240509033
0,0,0.0005511429626494646
0,0,0.007704780902713537
0,0,0.1766650378704071
0,0,2.024170862569008e-05
0,0,3.071314495173283e-05
0,0,5.89832461628248e-06
0,0,0.1788657009601593
0,0,0.2477254867553711
0,1,0.5060960054397583
0,0,0.26536455750465393
0,1,0.6509621739387512
0,0,1.1829987670353148e-05
0,0,0.00013952000881545246
0,0,0.009053066372871399
0,0,4.863928916165605e-05
0,0,0.3405674397945404
0,0,1.8734033801592886e-05
0,0,0.00010800588643178344
0,0,0.06581956893205643
0,0,0.024258185178041458
0,0,0.14278943836688995
0,0,0.060069579631090164
0,0,0.487979918718338
0,0,0.007603836245834827
0,0,3.2150601327884942e-06
0,0,4.911297946819104e-05
0,0,0.2534863352775574
0,0,1.9059429178014398e-05
0,0,0.2069382518529892
0,0,0.23305673897266388
0,0,0.04361291974782944
0,1,0.5906575918197632
0,0,0.00011288926179986447
0,0,0.009456716477870941
0,0,0.04479213431477547
0,0,7.03015030012466e-06
0,0,4.958623321726918e-06
0,0,0.23498103022575378
0,0,4.3229487346252427e-05
0,0,0.09841974079608917
0,0,0.2546541094779968
0,0,0.001616913010366261
0,0,1.4323017012429773e-06
0,0,0.2950228750705719
0,1,0.5511501431465149
0,0,0.000163466262165457
0,0,0.003351448802277446
0,1,0.5479474663734436
0,0,0.41984692215919495
0,0,0.014791333116590977
0,0,0.11179421842098236
0,0,0.36460399627685547
0,1,0.5131609439849854
0,1,0.6209707260131836
0,0,7.221256964839995e-06
0,0,0.3915462791919708
1,1,0.8619799613952637
0,0,5.270865131024038e-06
0,0,0.0147798927500844
0,0,2.5042250854312442e-05
0,0,0.15625275671482086
0,0,0.0032735844142735004
0,0,0.05789539963006973
0,0,0.470994770526886
0,0,4.12001872973633e-06
0,0,0.00018535541312303394
0,0,0.000350600341334939
0,1,0.6174012422561646
0,0,0.04320176690816879
0,0,0.0015375525690615177
0,0,0.04271089285612106
0,0,0.4812648892402649
0,0,0.056569889187812805
0,0,0.28847432136535645
0,0,0.003143766662105918
0,1,0.6709917783737183
0,0,3.169313640682958e-05
0,0,9.802777640288696e-06
0,1,0.5665166974067688
0,0,0.337190181016922
0,0,9.264896652894095e-05
0,0,0.28700995445251465
0,0,0.011729324236512184
0,0,9.071049134945497e-06
0,0,0.045650266110897064
0,0,0.01235981471836567
0,0,0.06314405053853989
0,0,4.638690734282136e-05
0,0,0.062234729528427124
0,0,0.47029539942741394
0,0,9.504098125034943e-05
0,0,0.37544411420822144
0,0,0.06567024439573288
0,0,0.44682538509368896
0,0,8.626865746919066e-05
0,0,0.011370614171028137
0,0,0.17328816652297974
0,0,0.0003958607849199325
0,0,1.4608894161938224e-05
0,0,0.033270806074142456
0,1,0.5750117897987366
0,0,5.26959865965182e-06
0,0,0.00035279709845781326
0,0,0.009589790366590023
0,0,0.4644943177700043
0,0,0.032478418201208115
0,0,0.00237597175873816
0,0,0.08309376984834671
0,0,0.35448697209358215
0,1,0.6919198632240295
0,1,0.6644749641418457
0,0,0.001265155617147684
0,0,0.16688469052314758
0,0,0.37921392917633057
0,1,0.6329115629196167
0,0,0.24228376150131226
0,0,0.3554098308086395
0,0,0.4628082513809204
0,0,0.23637861013412476
0,0,0.017001168802380562
0,0,0.0007326222839765251
0,0,0.22647804021835327
0,0,3.09068345814012e-05
0,0,0.015366127714514732
0,0,0.4462341368198395
0,0,4.295047256164253e-05
0,0,8.407190762227401e-06
1,1,0.9636516571044922
0,0,0.00126644445117563
0,0,5.102052000438562e-06
0,1,0.5699546337127686
0,1,0.5224049091339111
0,0,0.09897870570421219
0,0,0.373335599899292
1,1,0.9109023213386536
0,0,0.0022617748472839594
0,0,5.195597987039946e-05
0,0,0.24844525754451752
0,1,0.6651120781898499
0,0,0.03661750257015228
0,0,0.4186337888240814
0,0,0.0034311069175601006
0,0,5.882517507416196e-05
0,0,0.13124282658100128
0,0,0.4372921884059906
0,0,0.3031840920448303
1,1,0.9350805878639221
0,0,0.010845046490430832
0,0,0.0009601817582733929
1,1,0.9811944365501404
0,0,0.2507289946079254
0,0,0.14244681596755981
0,1,0.8528052568435669
0,0,6.4601722442603204e-06
0,0,0.00011179200373589993
0,0,0.0006279033259488642
0,1,0.6762158870697021
0,0,0.33411380648612976
0,0,0.4716014862060547
0,1,0.6924207210540771
0,0,0.03019803576171398
0,0,0.12602081894874573
0,1,0.639672040939331
0,0,0.0001815201685531065
0,0,0.340017169713974
0,0,0.4368515610694885
0,1,0.6828882694244385
0,0,4.491891013458371e-05
0,0,0.05933529883623123
0,0,0.029228828847408295
0,0,0.0006872483063489199
0,0,0.009695401415228844
0,0,0.06849467754364014
0,0,2.2082371287979186e-05
0,0,0.07173098623752594
0,1,0.5760836005210876
0,0,0.00014256256690714508
0,0,0.0010645296424627304
0,0,5.8194178564008325e-05
0,0,0.026922019198536873
0,0,0.005125308874994516
0,0,0.000807309290394187
0,0,0.3169209957122803
0,1,0.5240969061851501
0,0,0.434185653924942
0,0,0.03750050440430641
0,0,7.4006624345202e-05
0,0,0.00036966573679819703
0,0,6.144577491795644e-05
0,0,0.03280430659651756
1,1,0.8886260986328125
0,0,0.09774243831634521
0,1,0.774857759475708
0,1,0.6134896874427795
0,1,0.6100649833679199
0,1,0.5444017648696899
0,0,0.005685165990144014
0,0,0.0012461873702704906
0,1,0.6052877306938171
0,0,0.29023006558418274
0,0,0.005261031910777092
0,0,0.0012470476794987917
0,0,3.024590841960162e-05
0,0,0.18416155874729156
0,0,0.058800939470529556
0,0,0.0010677969548851252
0,0,3.7249478737066966e-06
0,1,0.5277888774871826
0,1,0.6024667024612427
0,0,0.00027171644615009427
0,1,0.7299596667289734
1,1,0.856728732585907
0,0,6.426602794817882e-06
0,0,0.1826212853193283
0,1,0.7455005049705505
0,0,5.521510956896236e-06
0,0,0.2500365674495697
0,0,2.0528883396764286e-05
0,1,0.7178531289100647
0,0,7.66169250709936e-05
0,0,2.228533776360564e-05
0,1,0.6160860657691956
0,0,0.405921071767807
0,0,0.0009080993477255106
1,1,0.9534484148025513
0,1,0.7619335651397705
0,0,0.11793612688779831
0,0,0.05448175594210625
0,0,0.3681943714618683
0,1,0.9590396881103516
1,1,0.9311915040016174
0,0,0.25614190101623535
0,0,2.9707343855989166e-05
0,1,0.6146451234817505
0,0,1.686309951764997e-05
0,0,0.07775020599365234
0,0,1.754440563672688e-05
0,0,0.09784041345119476
0,0,0.3270730972290039
0,1,0.6621993780136108
0,0,0.00040534225990995765
0,0,0.0005354527966119349
0,0,0.35268434882164
0,0,0.10054735094308853
0,0,0.16899193823337555
0,1,0.6209531426429749
0,0,0.006740754935890436
0,0,0.0001099654400604777
1,1,0.9988973140716553
0,0,0.44087833166122437
0,0,0.00029776847804896533
0,1,0.5019185543060303
0,0,5.888235682505183e-05
0,0,0.28275591135025024
0,1,0.5307185649871826
0,0,0.00021841315901838243
0,1,0.6280370950698853
0,1,0.5705339908599854
1,1,0.9045636653900146
0,0,0.09701914340257645
0,1,0.5999043583869934
0,0,1.1790511052822694e-05
0,0,0.0011479881359264255
0,0,0.09529151767492294
0,0,0.04989030957221985
0,0,0.00011331214045640081
0,0,8.114736374409404e-06
0,0,0.3442332148551941
0,0,5.789013812318444e-05
0,0,1.5096014067239594e-05
0,1,0.7398130297660828
0,0,0.2374895215034485
0,0,0.0013767094351351261
0,0,0.022060846909880638
0,1,0.7604600787162781
0,0,0.00011712532432284206
0,1,0.7542020082473755
0,0,0.30107614398002625
0,0,0.4092436730861664
0,0,4.7495948820142075e-05
0,0,0.050324250012636185
0,0,0.0002904672874137759
0,0,5.119281468068948e-06
0,0,0.00010768153151730075
0,0,6.878714339109138e-05
0,0,4.979438381269574e-05
0,0,0.23039138317108154
0,0,3.9042755815899e-05
0,0,1.536647141620051e-05
0,1,0.7159240245819092
0,1,0.7763321995735168
0,0,0.020616518333554268
0,0,0.031247705221176147
0,0,3.4377226256765425e-05
0,0,0.29641780257225037
0,0,0.0012640474596992135
0,0,0.04911603033542633
0,0,2.805328676913632e-06
0,0,0.009042786434292793
0,0,0.00036820716923102736
0,0,7.4183440119668376e-06
0,0,0.00046328536700457335
0,0,1.2494317161326762e-05
0,0,4.381714461487718e-06
0,0,0.031980350613594055
0,0,1.2374172911222558e-05
0,0,0.0029899373184889555
0,0,6.47603374090977e-05
0,1,0.5967100858688354
0,0,0.0025327526964247227
0,0,0.07583732903003693
0,0,0.012690556235611439
0,0,0.02662418782711029
0,0,6.931906682439148e-05
0,0,7.507671398343518e-06
0,0,0.12762977182865143
0,1,0.7001766562461853
0,0,0.001042716670781374
0,0,2.4111093807732686e-05
0,0,4.3123789509991184e-05
0,0,3.821872087428346e-05
0,0,0.47688281536102295
0,0,0.0036935440730303526
0,0,5.124537437950494e-06
0,0,5.883201083634049e-06
0,0,8.478435483993962e-05
0,0,0.3463089168071747
0,0,0.0005048859748058021
0,0,0.2565727233886719
0,0,5.041664553573355e-05
0,0,0.00013021893391851336
0,0,2.8263118565519108e-06
0,0,0.4477386772632599
0,0,0.14146998524665833
0,0,0.30432894825935364
0,0,0.001341380295343697
0,0,5.041111580794677e-05
0,0,0.21280528604984283
0,0,2.632797259138897e-05
0,0,0.01597762107849121
0,0,0.032098058611154556
0,0,0.3498719036579132
0,0,0.029978863894939423
0,0,0.011286582797765732
0,0,0.014563691802322865
0,1,0.6803617477416992
0,0,0.0003168362600263208
0,0,0.02604040689766407
0,1,0.6477875709533691
0,0,0.29119420051574707
0,0,1.4706297406519298e-05
0,0,0.2853824198246002
1,1,0.9432369470596313
0,0,0.02658911608159542
0,0,0.21538257598876953
0,0,0.00023049858282320201
0,0,0.003140295622870326
0,0,0.02713388204574585
0,0,0.2929556965827942
0,0,0.49709928035736084
0,0,0.316890686750412
0,0,0.4463200569152832
0,0,3.683889372041449e-05
0,0,0.09158769249916077
0,0,0.028857233002781868
0,0,0.11989683657884598
0,0,0.00014031038153916597
0,0,0.00848877802491188
0,1,0.5546283721923828
0,0,9.344188583781943e-06
0,0,0.1008065715432167
0,0,2.811635931720957e-05
0,0,0.16941404342651367
0,0,0.012992546893656254
0,0,0.04524599388241768
0,0,5.655700533679919e-06
0,0,0.027700571343302727
0,0,4.845554940402508e-06
1,1,0.8936188220977783
0,0,0.41678386926651
0,0,0.0002837526553776115
0,0,0.06541197746992111
0,1,0.601006031036377
0,0,0.008753811940550804
0,0,0.2355612814426422
0,0,0.38965776562690735
0,0,2.705224324017763e-05
1,1,0.9066131114959717
0,0,0.000932835100684315
0,0,1.7652940869083977e-06
0,0,7.735605322523043e-05
0,0,0.0009508011280559003
0,0,4.824118877877481e-05
0,0,0.0031618254724889994
0,1,0.5808441638946533
0,0,0.04032362252473831
0,0,0.00012240500655025244
0,0,5.5704447731841356e-05
0,1,0.5250197052955627
0,0,0.00011398274364182726
0,1,0.5936222672462463
0,0,0.1660451889038086
0,1,0.5662858486175537
0,0,0.2728005349636078
0,0,0.00731703033670783
0,1,0.7897396087646484
0,0,0.0037865741178393364
0,0,0.3456243872642517
0,0,0.00013288801710586995
0,0,1.937467277457472e-05
0,0,0.02409239299595356
0,0,7.796518730174284e-06
0,0,0.14015251398086548
0,0,0.06429670006036758
0,0,3.425098111620173e-05
0,0,0.013288233429193497
0,0,8.603731112089008e-05
0,0,8.069219802564476e-06
0,0,3.179084887960926e-05
0,1,0.5216691493988037
0,0,0.02009403333067894
0,0,0.35836589336395264
0,0,5.199528459343128e-05
0,0,0.05359552055597305
0,0,4.353118856670335e-05
0,0,9.459762623009738e-06
0,0,0.002222110517323017
0,0,0.03747958689928055
0,0,2.0695846615126356e-05
0,0,1.1682235708576627e-05
0,0,6.32395767752314e-06
0,0,0.1541626900434494
0,1,0.8803422451019287
0,0,3.3874737255246146e-06
0,0,0.0003772687341552228
0,0,0.00028235153877176344
0,0,3.1779782148078084e-05
0,0,0.21808485686779022
0,0,1.400535438733641e-05
0,1,0.9157902002334595
0,1,0.6853666305541992
0,1,0.7909226417541504
0,0,0.00219322950579226
0,1,0.6364625096321106
0,0,0.37198030948638916
0,1,0.7163987755775452
0,1,0.590644359588623
0,0,0.3313731253147125
0,0,7.797321450198069e-05
0,0,0.41271495819091797
0,0,0.38601821660995483
0,0,0.017917195335030556
0,0,0.1026504784822464
0,0,0.08366604894399643
0,0,5.7865690905600786e-05
0,0,9.46842828852823e-06
0,0,0.005938952323049307
0,0,0.34950777888298035
0,0,5.369135760702193e-05
0,1,0.5480004549026489
0,0,3.871208900818601e-05
0,0,0.004901908338069916
0,0,0.026824306696653366
0,1,0.6270828247070312
0,0,0.00022080350026953965
0,0,0.010642102919518948
0,0,0.008823610842227936
0,0,0.10900649428367615
0,0,0.34103408455848694
0,1,0.7600212693214417
0,0,0.1684286892414093
0,1,0.5184128880500793
0,0,0.13942869007587433
0,1,0.6416151523590088
0,1,0.5775634050369263
0,0,0.37329739332199097
0,0,0.39742642641067505
0,0,9.457922715228051e-06
0,1,0.5428912043571472
0,0,0.4025346338748932
0,0,2.0969011529814452e-05
0,0,0.3346041142940521
0,0,0.006627003196626902
0,0,7.390795508399606e-05
0,0,0.1045989990234375
0,0,0.4866895079612732
0,1,0.5120004415512085
0,0,0.4081157445907593
0,0,0.07740401476621628
0,0,1.029516806738684e-05
0,0,0.01901542954146862
0,0,0.003830159781500697
0,0,0.004868973977863789
0,0,9.832791693042964e-05
0,0,3.822976577794179e-05
1,1,0.9760221838951111
0,0,0.09891730546951294
0,1,0.6255757808685303
0,0,0.0002954626106657088
0,0,0.0033777039498090744
0,1,0.58741694688797
0,1,0.6134397983551025
0,0,0.09094049781560898
0,0,0.00019083754159510136
0,0,0.09212903678417206
0,1,0.5399422645568848
0,1,0.6061211824417114
0,0,2.4171364202629775e-05
1,1,0.8670421838760376
0,0,5.023624180466868e-05
0,0,0.02163139171898365
0,1,0.6097689270973206
0,0,6.133791612228379e-05
0,1,0.7442099452018738
0,0,0.00012185231753392145
0,0,0.0023123007267713547
0,0,0.3170385956764221
0,0,0.04457956179976463
0,0,9.018027412821539e-06
0,0,0.2275855392217636
0,1,0.5423804521560669
0,0,3.20611143251881e-05
0,0,0.007100235670804977
0,1,0.6482147574424744
0,0,0.00017940167163033038
0,0,0.0017658165888860822
0,0,0.02021445706486702
0,0,0.0002575841499492526
0,1,0.5176659822463989
0,0,0.0002347171975998208
0,0,0.2670936584472656
0,0,0.12387950718402863
0,0,0.004233654122799635
0,0,2.3668844733037986e-05
0,0,1.3133844731783029e-05
0,0,9.81535849859938e-05
0,0,4.205001823720522e-05
0,0,4.671111128118355e-06
0,0,4.2462212149985135e-05
0,0,0.003746269503608346
0,0,0.48434048891067505
0,0,0.00036023338907398283
0,0,0.009142909198999405
0,0,3.350052429595962e-05
0,1,0.8576874732971191
0,0,0.0007680832641199231
0,0,4.779709706781432e-05
0,0,0.00010812232358148322
0,0,1.5107358422028483e-06
0,0,2.82163995279916e-07
0,0,0.22713300585746765
0,0,2.1794076019432396e-06
0,0,0.052378855645656586
0,1,0.7150534391403198
0,0,1.893858097901102e-05
0,0,4.302984234527685e-05
0,0,0.31383779644966125
0,0,9.349099855171517e-06
0,0,0.0003605772799346596
0,0,0.011752323247492313
0,0,1.585346217325423e-05
0,0,8.303146023536101e-05
0,0,0.32581469416618347
0,0,0.003431424731388688
0,0,0.4405492842197418
0,0,0.08918222039937973
0,0,0.10751866549253464
0,0,0.4004703462123871
0,0,0.02312004566192627
0,0,0.027975527569651604
0,0,0.4221826493740082
0,0,1.485885695728939e-05
0,0,5.5704447731841356e-05
0,0,0.047899048775434494
0,1,0.5554883480072021
0,0,1.8654538507689722e-05
0,0,1.3989788385515567e-05
0,0,0.2388090193271637
0,0,0.26840469241142273
0,0,0.0031216416973620653
0,0,0.017904730513691902
0,0,0.0008968970505520701
0,0,3.270869274274446e-05
0,0,0.024762680754065514
0,1,0.614860475063324
0,0,0.22663532197475433
0,0,8.102625542960595e-06
0,0,0.004018472507596016
0,0,0.24804067611694336
0,0,0.24986062943935394
0,0,0.07062097638845444
0,0,0.0012746467255055904
0,1,0.5236204266548157
1,1,0.9681426882743835
0,0,2.056177800113801e-05
0,0,2.750327803369146e-05
0,1,0.7330710887908936
0,1,0.6001829504966736
0,0,5.31375189893879e-05
0,0,0.030528398230671883
0,0,8.65416441229172e-05
0,1,0.5948083996772766
0,0,0.02688492462038994
1,1,0.6933563351631165
0,0,5.124494055053219e-05
0,0,0.00012724526459351182
0,0,0.07156337797641754
0,1,0.6951726675033569
0,0,0.000316657213261351
0,0,0.004249148070812225
0,0,0.001442300621420145
0,0,0.1308668553829193
0,0,0.0003251932794228196
0,0,0.4752712547779083
0,1,0.8589133620262146
0,0,0.0027609337121248245
0,0,0.00046319683315232396
0,0,0.0016041174530982971
0,0,3.550918336259201e-06
0,0,4.846117735723965e-05
0,1,0.5025109052658081
0,0,0.0001625650329515338
0,1,0.6866309642791748
0,1,0.5111244916915894
0,0,1.5930814697640017e-05
0,0,0.0006917837308719754
0,0,5.478709681483451e-06
0,0,0.002693381393328309
0,0,1.0553699212323409e-05
0,0,0.21053794026374817
0,0,0.030488116666674614
0,0,0.0008112449431791902
0,0,0.46906694769859314
0,0,0.005149865988641977
0,0,0.0005152043304406106
0,0,0.027643058449029922
0,1,0.7355536222457886
0,0,0.004009006079286337
0,0,5.117906766827218e-05
0,0,0.3038506805896759
0,0,0.3833264112472534
0,0,0.2629934847354889
0,0,0.04301528260111809
0,0,0.0007455300074070692
0,1,0.6045559644699097
0,0,5.508572940016165e-06
0,0,2.9121796615072526e-05
0,0,0.00552312470972538
0,0,0.40417319536209106
0,0,0.0008278578752651811
0,0,0.0052879489958286285
0,0,2.6168445401708595e-05
0,0,0.00044611693010665476
0,0,0.04347812756896019
1,1,0.8494501113891602
0,0,2.8379954528645612e-05
0,0,0.0006877121631987393
0,0,0.0005815958138555288
0,0,0.115171417593956
0,0,0.00011027300934074447
0,1,0.5196812748908997
0,0,0.0014420163352042437
0,0,0.0001121802706620656
0,1,0.5443136096000671
0,0,0.34596771001815796
0,0,0.00012128059461247176
0,0,0.00018316367641091347
0,0,1.5977007933543064e-05
0,1,0.6550399661064148
0,1,0.5888208150863647
0,0,0.2740994393825531
0,1,0.6063372492790222
0,0,1.294905632676091e-05
0,0,3.009936335729435e-06
0,0,0.0003680699155665934
0,0,0.4242570102214813
0,0,0.002136543160304427
0,1,0.553665041923523
0,0,6.9295936555136e-05
0,0,0.00916927121579647
0,0,0.0020064418204128742
0,0,6.0771821154048666e-05
0,0,1.0789750376716256e-05
0,0,0.1607060581445694
1,1,0.792533814907074
0,0,0.06603626906871796
0,0,6.333656347123906e-05
0,0,0.10307268053293228
0,0,4.169336534687318e-05
0,0,0.021591082215309143
0,0,0.022060809656977654
0,1,0.674331545829773
0,0,0.18222609162330627
0,0,0.06275297701358795
0,0,0.25942525267601013
0,0,3.817214019363746e-05
0,0,1.3436621884466149e-05
0,0,0.00029875634936615825
0,0,1.6980402506305836e-05
0,0,0.005547706503421068
0,1,0.9071606397628784
0,0,0.21716931462287903
0,0,2.445264362904709e-05
0,0,0.018706224858760834
1,1,0.7798110842704773
0,1,0.6330090165138245
0,0,0.09973354637622833
0,0,0.006918024737387896
0,0,0.013033457100391388
0,0,0.01742026023566723
0,1,0.6449210047721863
0,0,0.0014155012322589755
0,0,0.15314169228076935
1,1,0.9810832142829895
0,0,2.38350603467552e-05
0,0,0.0010351312812417746
0,0,0.00034397750278003514
0,0,0.2583405077457428
0,0,0.3039405643939972
0,0,0.010109374299645424
0,0,0.3575892448425293
0,0,0.003062205156311393
0,0,0.12388967722654343
0,0,0.0003773536009248346
0,1,0.512127161026001
1,1,0.8543024659156799
0,0,0.16212566196918488
0,0,0.020482195541262627
0,0,0.014172385446727276
0,0,1.1924760656256694e-05
0,0,6.113680137787014e-05
0,0,0.23487721383571625
0,1,0.5976982712745667
0,0,0.3745865225791931
0,0,1.092597722163191e-05
0,0,0.06115352734923363
0,0,0.02260509692132473
0,0,0.2012804001569748
0,0,0.19683319330215454
0,0,0.01810404844582081
0,0,2.2176242055138573e-05
0,0,0.4920679032802582
0,0,0.2681986689567566
0,0,0.20611456036567688
0,0,0.317044734954834
0,0,2.920397946581943e-06
0,0,0.22364802658557892
0,0,1.1403428288758732e-05
0,1,0.5281202793121338
0,0,0.25304850935935974
0,0,0.11862722784280777
0,0,1.5336956494138576e-05
0,0,0.0005808123387396336
0,1,0.6522814631462097
0,0,0.30070194602012634
0,0,0.21943816542625427
0,1,0.8694071769714355
0,0,4.3120624468429014e-05
0,1,0.6952027082443237
0,0,0.001542072743177414
0,0,0.08886401355266571
0,0,0.3036876618862152
0,0,0.0010839392198249698
0,0,0.00018997499137185514
0,0,0.0029082733672112226
0,0,0.004101060330867767
0,0,0.302132248878479
0,0,7.2761031333357096e-06
0,0,0.4581766724586487
0,0,0.00028952144202776253
0,0,0.29841750860214233
0,0,0.035868145525455475
0,0,0.1908128708600998
0,0,3.2764513889560476e-05
0,1,0.5842987895011902
0,1,0.7256600856781006
0,0,1.0577347893558908e-05
0,0,0.030677033588290215
1,1,0.8998821973800659
0,0,0.0329502671957016
1,1,0.5920265316963196
0,0,5.7870107411872596e-05
0,0,6.959754045965383e-06
0,0,0.34773164987564087
0,0,0.3414700925350189
1,1,0.9473429322242737
0,0,0.19020028412342072
0,0,3.2018491765484214e-05
0,0,0.024406151846051216
0,0,0.41661879420280457
0,0,0.05071660131216049
0,1,0.7627642154693604
0,0,5.0303692660236266e-06
0,0,1.0861420378205366e-05
0,1,0.8230710029602051
0,0,0.008990839123725891
0,0,0.000980522483587265
0,0,0.2287014275789261
0,0,0.10779731720685959
0,0,0.31587615609169006
0,0,0.15208597481250763
0,0,4.6118898353597615e-06
0,0,0.01723826862871647
0,0,0.14557424187660217
0,0,0.0005569959757849574
0,0,6.899880827404559e-05
0,1,0.535148561000824
0,0,5.628605140373111e-05
0,0,0.28159457445144653
0,0,0.4429289698600769
0,0,0.46883854269981384
0,0,2.1591878976323642e-05
0,0,0.0003821620193775743
0,0,0.005909505765885115
0,0,0.0002904960419982672
0,0,0.0002437982038827613
0,0,0.000301056046737358
0,1,0.5858952403068542
0,1,0.5725067853927612
0,0,0.1913742572069168
0,0,0.004285386763513088
1,1,0.8787925839424133
0,0,0.03079875186085701
0,0,0.11629609763622284
0,0,5.323838649928803e-06
0,1,0.6938169598579407
0,0,0.4606461226940155
1,1,0.9505255222320557
0,0,0.0008323550573550165
0,0,2.3626218990102643e-06
0,0,0.38569432497024536
0,0,0.3997569680213928
0,1,0.5629943609237671
0,0,0.018855908885598183
0,0,2.4934965040301904e-05
0,0,0.00014749729598406702
0,0,0.391734778881073
0,0,0.0006577207241207361
0,0,6.291960289672716e-06
0,0,0.13163365423679352
0,1,0.651096761226654
1,1,0.9571328163146973
0,0,0.3146720230579376
1,1,0.8576701283454895
0,0,0.01314257737249136
0,0,0.4326614737510681
0,0,0.0006998555036261678
0,0,0.19879436492919922
0,0,0.0030517494305968285
0,0,1.2324709132371936e-05
0,1,0.5517922043800354
0,1,0.6104233860969543
0,1,0.5192476511001587
0,0,0.00041694194078445435
0,1,0.6762261986732483
0,0,0.030030284076929092
0,0,0.00021472979278769344
0,0,0.4561038315296173
0,0,0.0021664516534656286
0,0,0.020372208207845688
0,0,0.00016118990606628358
0,0,5.414653969637584e-06
0,0,0.05414994806051254
0,1,0.5897740125656128
0,0,0.19182521104812622
0,1,0.5739066004753113
0,0,0.00013253749057184905
0,0,0.0003626260149758309
0,1,0.6302782893180847
0,0,0.16302445530891418
0,0,5.692364720744081e-05
0,1,0.5517458915710449
0,0,0.1478308141231537
0,0,0.1979466676712036
0,0,7.823001396900509e-06
0,1,0.605152428150177
0,1,0.6137133836746216
0,0,2.8454182029236108e-05
0,0,0.021551650017499924
0,1,0.6832147836685181
0,0,6.491168460343033e-05
0,0,0.0018674256280064583
0,0,0.13479194045066833
0,0,0.0022206318099051714
0,0,0.006379416678100824
1,1,0.9881250858306885
0,1,0.5758094191551208
0,0,0.3099406063556671
0,0,0.45073217153549194
0,0,7.113502942956984e-05
0,0,5.509899347089231e-05
0,0,0.0002277744933962822
0,0,0.0007676869863644242
0,0,0.07464867830276489
0,0,0.1958162486553192
0,0,1.43651086546015e-05
0,0,0.02457105927169323
0,0,0.48044416308403015
0,0,0.19698192179203033
0,0,3.2378591185988626e-07
0,1,0.6063372492790222
1,1,0.9436872601509094
0,1,0.6251023411750793
0,0,0.01609630323946476
0,0,2.8950171326869167e-05
0,1,0.579627513885498
0,0,2.7932919692830183e-05
0,0,0.355684757232666
0,0,0.00022984526003710926
0,0,5.1719653129111975e-06
0,0,0.05907458811998367
0,0,0.07748844474554062
0,0,0.00019860643078573048
0,0,0.44824373722076416
0,0,0.2281215339899063
0,1,0.5716786980628967
0,0,0.19406940042972565
0,0,0.2616594135761261
0,0,0.001445481670089066
0,0,0.019050320610404015
0,0,0.21426698565483093
0,0,0.0007633260684087873
0,0,0.1079452708363533
0,1,0.5542901158332825
0,0,0.000740672170650214
0,0,0.2833571434020996
0,0,1.7236814528587274e-05
0,0,0.20113374292850494
0,1,0.5440444946289062
0,0,1.0591923455649521e-05
0,0,0.009934012778103352
0,0,0.07302581518888474
0,0,3.1892024708213285e-05
0,0,0.00038347873487509787
0,0,0.01275821402668953
0,0,0.006671923212707043
0,0,1.4956556697143242e-05
0,0,0.04729045182466507
0,0,0.36668330430984497
0,0,0.18181416392326355
0,0,0.24899348616600037
0,0,4.3516083678696305e-05
0,0,0.00027470936765894294
0,0,0.08237697184085846
0,0,3.2989813917083666e-05
0,0,0.2192056030035019
0,0,0.013233035802841187
0,1,0.9908332228660583
0,0,1.1874294614244718e-05
0,0,0.009721009992063046
0,0,7.527533307438716e-05
0,0,2.9911416277172975e-06
0,0,1.773283293005079e-05
0,0,0.4484047293663025
0,1,0.7053947448730469
0,0,0.005274641793221235
0,0,0.00018937601998914033
0,0,0.2293785959482193
0,0,0.24286876618862152
0,0,6.728259904775769e-05
0,0,1.4607918274123222e-05
0,0,5.672277256962843e-05
0,0,0.0002938685938715935
0,0,0.29801976680755615
0,1,0.6815859079360962
0,0,0.15489087998867035
0,0,0.02004416286945343
0,0,0.3460599184036255
0,0,1.1965451449214015e-05
0,0,0.043701671063899994
0,0,3.7849378713872284e-05
0,0,0.4840083718299866
0,0,0.4274428188800812
0,0,0.005462431348860264
0,1,0.5188701748847961
0,1,0.540640115737915
0,0,0.16060592234134674
0,0,0.4158596694469452
0,1,0.687419593334198
0,0,0.04236631840467453
0,0,0.3282408118247986
0,0,0.3545154631137848
0,0,0.00890187919139862
0,0,0.000440083269495517
0,0,0.0010191387264057994
0,1,0.6031345129013062
0,0,0.3525885343551636
0,0,0.002010980388149619
0,0,0.003483578097075224
0,0,0.02581627480685711
0,0,1.515336407464929e-05
0,0,0.38911959528923035
0,0,0.03640757128596306
0,0,0.4849822223186493
0,0,0.004019328858703375
0,0,0.00011278243619017303
0,0,0.07521935552358627
0,0,1.7605747416382656e-05
0,0,2.1485357137862593e-05
0,0,8.118250661937054e-06
0,0,0.005953551735728979
0,1,0.6155048608779907
0,0,0.0007365025230683386
0,1,0.5884582996368408
0,0,0.025878572836518288
0,0,0.0012143157655373216
0,0,0.012612235732376575
0,0,0.2343180775642395
0,0,6.226103869266808e-05
0,0,0.321514368057251
0,0,0.012578882277011871
0,0,0.17114707827568054
0,1,0.7679845094680786
0,1,0.6029207110404968
0,0,3.121712143183686e-05
0,0,0.4624095857143402
0,1,0.709317147731781
0,0,0.17473681271076202
0,0,0.029637020081281662
0,1,0.6077431440353394
0,0,0.2773382067680359
0,0,1.3441351256915368e-05
0,0,0.1733677238225937
0,1,0.5281285047531128
0,0,0.012999004684388638
0,0,0.2598103880882263
0,0,2.4283466700580902e-05
0,0,6.71925736241974e-05
0,0,0.011117267422378063
0,0,5.054301436757669e-05
0,0,0.00030679890187457204
0,1,0.5626343488693237
0,0,2.7779824449680746e-05
0,0,2.0999992557335645e-05
0,0,5.971370774204843e-05
0,0,8.987770706880838e-05
0,1,0.5336863994598389
0,0,0.27841246128082275
0,0,0.02061791718006134
0,0,1.9293142031528987e-05
0,0,1.84076252480736e-05
0,0,0.04620402678847313
0,0,0.4875766336917877
0,0,0.0060212211683392525
0,1,0.5858162045478821
0,0,0.001906534656882286
0,1,0.8052305579185486
0,0,0.4353918433189392
0,0,0.0001794037380022928
0,0,0.011518632993102074
0,0,5.934731962042861e-05
0,0,0.004894557408988476
0,0,0.15214358270168304
0,0,6.147518433863297e-05
0,0,8.947047717811074e-06
0,0,0.009222972206771374
0,0,0.0013619062956422567
0,0,6.098348876548698e-06
0,0,4.9530641263118014e-05
0,0,0.30909401178359985
0,0,0.41464266180992126
0,0,0.014881514012813568
0,0,0.022308742627501488
0,0,4.7268663365684915e-06
0,0,0.03623335808515549
0,0,0.00010116475459653884
0,0,0.00010300227586412802
0,0,0.0006538871675729752
0,0,2.194670742028393e-05
0,0,0.024588484317064285
0,0,0.06196155771613121
0,0,0.06955143064260483
0,0,0.010040313936769962
0,0,0.10158627480268478
0,0,0.0505475215613842
0,0,0.00021918107813689858
0,1,0.530432403087616
0,0,0.06717131286859512
0,0,0.023729171603918076
0,0,0.0011430868180468678
0,0,0.00011204984912183136
0,1,0.5209971070289612
0,0,0.3328022360801697
0,1,0.5501571893692017
0,0,0.022099440917372704
0,0,2.730054984567687e-05
0,0,5.699781013390748e-06
0,0,0.3713795840740204
0,1,0.5162360668182373
0,0,6.880801083752885e-05
0,0,3.91854700865224e-05
0,0,0.12768244743347168
0,1,0.6867152452468872
0,0,7.014054426690564e-05
0,0,0.021644920110702515
0,0,0.004635659046471119
0,0,0.34076592326164246
0,0,8.509611507179216e-05
0,0,8.088189497357234e-05
0,0,0.08332459628582001
0,0,1.9875724319717847e-06
0,0,3.959536115871742e-06
0,1,0.72171950340271
0,0,0.02055678702890873
0,1,0.5151336789131165
0,0,0.2405604124069214
0,0,0.21236295998096466
0,0,0.0004984513507224619
0,1,0.5343100428581238
0,1,0.7797878384590149
0,0,1.3267261238070205e-05
0,0,0.0010833994019776583
0,0,0.0008636793936602771
0,0,0.001567311817780137
0,0,0.00011952754721278325
0,0,0.0930878296494484
0,0,7.015101800789125e-06
0,0,0.30720055103302
0,0,0.20081713795661926
0,0,0.005711962003260851
0,0,0.10391945391893387
0,0,0.005510274786502123
0,0,0.4375370740890503
0,1,0.6167800426483154
0,1,0.6165361404418945
0,0,0.20382380485534668
0,0,0.3312920331954956
0,0,0.27107781171798706
0,0,0.2912184000015259
0,0,7.634364737896249e-05
0,0,1.8315449779038318e-05
0,0,0.26474514603614807
0,0,2.1675763491657563e-05
0,0,0.4681028425693512
0,0,0.00017370936984661967
0,0,1.6240695913438685e-05
0,0,0.0018732990138232708
0,0,0.0441843681037426
0,1,0.7744928598403931
0,0,0.4738326370716095
0,0,0.42808768153190613
0,0,0.0011098324321210384
0,0,2.8140691938460805e-05
0,0,0.004634013865143061
0,0,0.016926707699894905
0,0,0.001659877598285675
0,0,1.2936762686877046e-05
0,0,0.12724801898002625
0,1,0.5313562750816345
0,0,0.002843019086867571
0,0,0.27030476927757263
0,0,7.67154706409201e-05
0,0,0.0011033628834411502
0,0,8.242129297286738e-06
0,0,0.4105170965194702
0,1,0.8024658560752869
0,1,0.5507892966270447
0,0,0.01774529740214348
0,0,0.17121297121047974
0,0,2.06879167308216e-06
0,0,0.2142769992351532
0,0,0.003274048212915659
0,0,8.682972111273557e-05
0,0,0.009786772541701794
0,0,0.014869180507957935
0,0,0.01475322712212801
0,0,0.009192309342324734
0,0,0.36630693078041077
1,1,0.9536960124969482
0,0,0.0003999563050456345
0,0,8.074534707702696e-05
0,1,0.759682834148407
0,0,1.80807473952882e-05
0,1,0.7067673206329346
0,0,0.002246574033051729
0,0,1.5551771866739728e-05
0,0,0.38666415214538574
0,0,0.2562980353832245
0,0,0.0009992363629862666
0,0,0.007840132340788841
0,1,0.7467862367630005
0,0,0.31987959146499634
0,0,0.13018618524074554
0,0,0.119228795170784
0,0,0.05283182114362717
0,0,0.17468251287937164
0,0,0.0012178121833130717
0,0,0.11495307832956314
0,0,0.49444109201431274
0,0,0.00033123220782727003
0,0,1.1679450835799798e-05
0,0,1.672467806201894e-05
0,0,0.0901341587305069
1,1,0.9688980579376221
0,0,0.012886668555438519
0,0,0.061262570321559906
0,0,3.07352383970283e-05
0,0,0.0015707412967458367
0,0,0.012633196078240871
0,1,0.531385600566864
0,0,6.498106085928157e-05
0,0,4.12359440815635e-05
0,0,3.841511897917371e-06
0,0,1.1827394700958394e-05
0,1,0.6214303374290466
0,0,0.014535605907440186
0,0,0.003740992397069931
0,0,0.45958998799324036
0,1,0.5365622639656067
0,0,0.0005542616709135473
0,1,0.519728422164917
0,1,0.5635018944740295
0,0,0.41336649656295776
0,0,0.0005111526697874069
0,0,0.0001287570339627564
0,0,1.8004489902523346e-05
0,0,1.852302193583455e-05
0,0,0.002107813488692045
0,1,0.8529999852180481
0,0,0.2029823511838913
0,0,0.3851678669452667
0,1,0.7103643417358398
0,0,0.4369049072265625
0,0,0.0017624342581257224
0,0,0.15444907546043396
0,0,0.0009603945654816926
0,1,0.8596285581588745
0,0,0.23197270929813385
0,0,0.0019328751368448138
0,0,0.19571249186992645
0,0,0.0028389436192810535
0,0,7.494542660424486e-05
0,0,0.37363043427467346
0,0,1.3873815078113694e-05
0,0,0.30425357818603516
0,0,0.05472500994801521
0,0,0.23977336287498474
0,1,0.5012275576591492
0,0,0.4645276963710785
0,0,1.1868577530549373e-05
0,1,0.6532944440841675
0,0,0.4049622118473053
0,0,0.11988139152526855
0,0,0.05336207523941994
0,0,0.01749812625348568
0,1,0.5317575931549072
0,0,3.590595952118747e-05
0,0,0.28183647990226746
0,0,4.5721895730821416e-05
0,0,0.003053718712180853
0,1,0.6306613087654114
0,0,0.013991082087159157
0,0,5.7251240832556505e-06
0,1,0.8392103314399719
0,1,0.6520641446113586
0,0,0.3219807744026184
0,0,9.661436706664972e-06
0,0,0.031589388847351074
0,0,0.025515854358673096
0,1,0.5527410507202148
0,0,5.413504914031364e-05
0,0,0.000575758283957839
0,0,0.026365123689174652
0,0,7.800341336405836e-06
0,0,0.0001688677293714136
0,0,0.0062348563224077225
0,0,8.591274308855645e-06
0,0,0.0012680822983384132
0,0,2.2736614482710138e-05
0,0,0.0012621646746993065
0,0,0.4288255274295807
0,0,5.602210876531899e-05
0,1,0.6085359454154968
0,0,0.0025720715057104826
0,0,0.15316851437091827
0,0,6.2350409280043095e-06
0,0,0.0001585979334777221
0,0,6.611585558857769e-05
1,0,0.18065008521080017
0,0,0.2468043863773346
0,0,2.720197880989872e-05
0,0,0.037698984146118164
0,0,0.00019541011715773493
0,0,1.007626542559592e-05
0,0,0.10026705265045166
0,0,2.5037354134838097e-05
0,0,7.297889624169329e-06
0,1,0.938762366771698
0,0,0.008280031383037567
0,0,0.00022617219656240195
0,0,0.3951394557952881
0,0,0.0005670219543389976
0,0,0.3459565043449402
0,0,2.8535079763969406e-05
0,1,0.743072509765625
0,0,0.00021178557653911412
0,0,0.48180022835731506
0,0,0.24410906434059143
0,0,0.12974603474140167
0,1,0.5451986789703369
0,0,0.4312233030796051
0,0,7.461952009180095e-06
0,0,0.17112548649311066
0,0,0.00023925007553771138
0,0,0.019636284559965134
0,0,0.07481464743614197
0,0,0.00018153332348447293
0,0,3.183198714395985e-05
0,0,0.13833965361118317
0,0,0.00035332469269633293
0,0,5.578461059485562e-05
0,0,0.286409854888916
0,0,3.613238732214086e-05
