y_true,y_pred,y_prob
0,1,0.604282796382904
0,0,2.1673892547369178e-07
0,1,0.6296402215957642
1,1,0.6842227578163147
0,0,3.118302057542044e-12
0,1,0.6258538365364075
0,1,0.6133688688278198
0,1,0.6272257566452026
0,1,0.630487322807312
0,1,0.6383529901504517
0,1,0.6358157992362976
0,1,0.6294552683830261
0,0,2.196573811730218e-09
0,0,0.0001301696611335501
1,1,0.6396983861923218
0,0,1.0306165876272644e-07
0,0,6.2229423003490325e-12
0,0,4.239841366882047e-09
0,0,3.777466554311104e-05
0,1,0.61478590965271
0,1,0.6396998167037964
0,1,0.6210881471633911
0,1,0.6276859045028687
0,0,7.211925094452454e-06
0,1,0.622796893119812
0,0,3.058784892040478e-10
0,1,0.6292645931243896
0,0,1.4555095049217925e-06
0,1,0.6147130727767944
0,0,0.00020374669111333787
0,0,0.00016365402552764863
0,1,0.6210172772407532
0,0,0.0032125164289027452
0,1,0.6340811252593994
1,1,0.6909372210502625
0,0,2.9886672336942866e-07
0,0,2.1377212066492346e-12
0,1,0.634192943572998
0,1,0.6419826745986938
0,0,2.188663711422123e-05
0,1,0.6208376884460449
0,1,0.6274929046630859
0,1,0.6241685152053833
0,1,0.6249107122421265
0,1,0.6192205548286438
0,1,0.6147581338882446
0,1,0.6303719282150269
0,0,7.999808531167218e-07
0,0,4.802920283708545e-10
0,0,0.011906794272363186
0,1,0.6281110048294067
0,1,0.6377091407775879
0,1,0.6146859526634216
0,1,0.6226347088813782
0,1,0.6265197396278381
0,1,0.6582304835319519
0,1,0.629377543926239
0,0,0.3599458336830139
0,0,1.0105396768267383e-06
0,0,0.0005551538779400289
0,0,7.494066131541466e-13
0,0,2.7202038399565254e-09
0,0,0.1336338371038437
0,1,0.6300498247146606
0,1,0.621134340763092
0,0,5.3180162495891636e-08
0,1,0.6930475831031799
0,0,1.0848886233816302e-09
0,1,0.6095694303512573
0,0,5.159395186637994e-07
0,0,1.0063583646968688e-11
0,0,1.984936867649445e-11
1,1,0.6341779828071594
0,0,2.7789468731498346e-05
0,0,4.763946126473684e-09
0,1,0.6247104406356812
0,0,0.000759385759010911
0,0,6.146139153173635e-12
0,1,0.6292534470558167
0,0,0.00020716620201710612
0,0,6.862207352511087e-15
0,0,0.00014254488633014262
0,0,6.404271779558712e-09
0,1,0.6185451745986938
0,0,1.0424067208372745e-12
0,1,0.6295446157455444
0,0,7.583630390328722e-10
0,0,1.80592692800019e-07
0,0,0.006724785082042217
0,1,0.6181399822235107
0,0,2.754594052856163e-10
0,0,2.464410613356449e-07
0,1,0.6330403089523315
0,0,9.062581956577331e-13
0,1,0.6162551641464233
0,0,3.8475936846305014e-12
0,0,4.73365105335688e-07
0,1,0.628118097782135
0,1,0.6344442367553711
0,1,0.6371226906776428
0,0,4.493386107640163e-09
0,0,2.7950422839650556e-15
0,0,1.2236031579959672e-05
0,0,3.18433365009696e-07
0,1,0.6051247715950012
0,1,0.6247844099998474
0,0,1.190991770272376e-05
0,1,0.621745228767395
0,0,2.5467170039483733e-11
0,0,7.75860098656267e-06
0,0,6.205016500615557e-10
0,1,0.6341958045959473
0,0,1.7824233842361759e-12
0,1,0.6147629022598267
0,0,7.858681052100042e-15
0,0,0.11774508655071259
0,0,6.918508361965659e-15
0,0,6.239043948141898e-09
0,1,0.6263406276702881
0,1,0.6223307847976685
0,1,0.6367175579071045
0,0,4.515138243732508e-06
0,0,2.8424407272353847e-10
0,1,0.6293323636054993
0,1,0.6277971267700195
0,1,0.6250358819961548
0,1,0.6223008632659912
0,1,0.6029590368270874
0,0,1.206236561301921e-06
0,0,6.0091025037845025e-12
0,1,0.6274620294570923
0,1,0.6265885233879089
0,1,0.6248077154159546
0,1,0.6244783997535706
1,1,0.6442261934280396
0,0,8.917692866816651e-06
0,0,2.5102281142608263e-08
0,0,4.5962973010960084e-12
0,0,3.2751507061945517e-10
0,1,0.622183620929718
0,1,0.6180028319358826
0,1,0.6399363279342651
0,1,0.6247696876525879
0,0,1.1647094311229012e-07
0,1,0.6485421061515808
0,1,0.6183595061302185
0,0,0.01879284344613552
0,1,0.6243297457695007
0,0,1.923484982402357e-11
0,0,1.9519964098435594e-06
0,1,0.6122689247131348
0,0,3.127576201222837e-05
0,1,0.6166741251945496
0,1,0.6067934632301331
0,0,4.792316174971611e-13
0,0,1.3439497385521297e-14
0,1,0.6163738965988159
0,1,0.6285790205001831
0,0,5.227004606922492e-09
0,1,0.6204147338867188
0,1,0.5922102332115173
0,0,4.599377476099953e-11
0,1,0.6171389222145081
0,1,0.6293756365776062
0,1,0.6241236329078674
0,1,0.6177671551704407
0,1,0.6434524059295654
0,1,0.6317328810691833
1,1,0.607586681842804
0,1,0.6269224286079407
0,1,0.6397654414176941
0,0,8.599868039915748e-11
0,0,3.535164694312698e-08
0,1,0.6292252540588379
0,1,0.6218649744987488
0,1,0.6338123083114624
0,0,3.4232306659470746e-12
0,0,0.015458849258720875
0,0,1.5076989257067908e-06
0,0,1.0722027354859165e-06
0,1,0.6295920014381409
0,0,1.051455450484795e-10
0,0,3.826598413136928e-11
0,1,0.6217983365058899
0,1,0.6242905855178833
0,1,0.6256008744239807
0,1,0.6111561059951782
0,1,0.6350268125534058
0,1,0.6423346400260925
0,1,0.6380239129066467
0,1,0.6241285800933838
0,0,1.090852492779959e-06
0,1,0.640434205532074
0,1,0.626051664352417
0,1,0.642243504524231
0,0,1.6628746177336368e-13
0,1,0.6306344866752625
0,1,0.6236474514007568
0,1,0.6204662322998047
0,0,3.833003745512542e-07
0,1,0.6237072348594666
0,0,0.0037166960537433624
0,1,0.6276782155036926
0,1,0.6233553886413574
0,1,0.6295694708824158
0,0,5.325852825421862e-08
0,0,1.6866346643981678e-12
0,1,0.6052147746086121
0,0,3.866692556420137e-12
0,0,1.3821582989237413e-08
0,0,4.278324539086498e-08
0,0,3.083260580183378e-08
0,0,5.975774115540844e-07
0,1,0.6539757251739502
0,0,2.9409010338099506e-08
0,1,0.6337836980819702
0,0,6.817477693488172e-10
0,1,0.6124570965766907
0,1,0.6204713582992554
0,0,7.425404909000566e-12
0,0,3.3880551697507144e-09
0,1,0.6143087148666382
0,0,2.3097411136485668e-11
0,0,1.2147816050855909e-06
0,1,0.6217122673988342
0,1,0.6140474677085876
0,1,0.6359719038009644
0,1,0.6321994662284851
0,1,0.6225385069847107
0,1,0.6010944843292236
0,1,0.6270809769630432
0,0,7.675584885562248e-14
0,1,0.6239446997642517
0,1,0.6320497989654541
0,0,1.3581777924542848e-09
0,0,2.14116024173025e-13
0,1,0.6238597631454468
0,0,1.493387316031658e-07
0,0,4.954338675422498e-11
0,0,4.386789896670962e-06
0,0,0.12986020743846893
0,1,0.6411178708076477
0,0,2.0004560074421418e-14
0,1,0.6045352816581726
0,0,1.473504653404234e-05
1,1,0.6405643820762634
0,1,0.6153348684310913
0,0,7.27849425175009e-08
0,0,0.0032097201328724623
0,0,5.349303777713033e-10
0,0,8.555219961549777e-15
0,1,0.6270691156387329
0,0,3.74906022893029e-10
0,1,0.6219795346260071
0,0,2.9827080652466975e-05
0,1,0.6230016350746155
0,0,0.00682416744530201
0,0,3.10376263535847e-13
0,1,0.6091028451919556
0,1,0.6475396156311035
0,1,0.6423896551132202
0,0,9.989831184498144e-10
0,1,0.6556549668312073
0,1,0.6243669986724854
0,0,6.022717324860594e-10
0,0,4.6367529260571416e-10
0,0,1.7413918612874113e-05
0,1,0.6379662752151489
0,1,0.631442129611969
0,1,0.6033651232719421
0,0,5.179701667579195e-10
0,1,0.6237481832504272
0,1,0.617398202419281
0,0,1.5280900100833605e-08
0,0,2.0497578745448664e-08
0,0,2.5300329539734712e-11
0,0,3.5905279105463705e-07
0,0,2.9362430455787125e-12
0,0,6.72629215780346e-13
0,0,6.855438883235365e-09
0,1,0.6719009280204773
0,0,3.123839178442722e-07
0,0,2.1714685161100533e-08
0,1,0.6094624400138855
0,1,0.6135989427566528
0,0,4.463074958493962e-07
0,1,0.6347305774688721
0,1,0.6247805953025818
0,1,0.6262286901473999
0,0,1.873415931186173e-05
0,0,2.3653549212072737e-14
0,0,1.8866440854026223e-08
0,0,4.805323250423044e-09
0,1,0.6476633548736572
0,1,0.6231063604354858
0,1,0.6259214878082275
0,0,4.838221403374865e-12
0,0,3.4199709730842187e-10
0,1,0.6193220615386963
0,1,0.6259059906005859
0,1,0.6331223249435425
0,1,0.6235932111740112
0,1,0.6184002757072449
0,0,3.276395268373561e-13
0,1,0.62159264087677
0,1,0.6309751868247986
0,0,4.495269989579498e-10
0,1,0.6238257884979248
0,0,0.0008279908215627074
0,0,9.759079937395054e-15
0,1,0.6256548762321472
0,1,0.624588131904602
0,1,0.622725784778595
0,1,0.6317473649978638
0,1,0.6258078813552856
0,0,0.00796236377209425
0,0,0.004468354396522045
0,0,4.3892649931320804e-12
0,1,0.6270843744277954
1,1,0.6221534609794617
0,1,0.6053444147109985
0,1,0.6293279528617859
0,1,0.6052922606468201
0,1,0.6368768811225891
0,0,1.27669909488759e-05
0,1,0.6701422333717346
0,0,3.528355385640225e-11
0,0,0.019814707338809967
0,0,1.6454222873107938e-08
0,1,0.6252309679985046
0,1,0.6239023804664612
0,1,0.6194937229156494
0,1,0.61966472864151
0,1,0.638273298740387
0,1,0.6681433320045471
0,1,0.6906382441520691
0,0,6.446973597334926e-12
0,1,0.6222732663154602
0,1,0.622956395149231
0,1,0.6307021379470825
0,0,4.170848200146793e-08
0,1,0.6234614253044128
0,1,0.6776500940322876
0,1,0.6263551712036133
0,1,0.6230066418647766
0,1,0.6293135285377502
0,0,1.3845007060808712e-06
0,1,0.6300138235092163
1,1,0.6190705895423889
0,0,4.723466062728221e-09
0,0,6.543972584953026e-14
0,1,0.6153080463409424
0,1,0.6315733790397644
0,1,0.6272953152656555
0,0,4.22194279536825e-09
0,0,3.610745480386868e-08
0,1,0.6286837458610535
0,0,0.00024321986711584032
0,1,0.6524885892868042
0,0,2.035184110127375e-08
1,1,0.6372166275978088
0,0,2.3314065344948176e-07
0,0,8.417425334528161e-08
0,1,0.6253504157066345
0,0,1.1516496957464373e-11
0,1,0.6360616087913513
0,1,0.6173421144485474
0,1,0.6286309361457825
0,1,0.6246591210365295
0,0,4.4359680032357574e-05
0,1,0.6154451966285706
0,0,3.356799972535629e-13
0,0,5.139179304336494e-09
0,1,0.608210563659668
0,1,0.6638246178627014
0,0,3.040598812731332e-06
0,1,0.6402825117111206
0,0,6.689435139151101e-08
0,1,0.6355440616607666
0,1,0.6041674613952637
0,0,2.3490472358389525e-06
0,1,0.6120139956474304
0,1,0.6530007123947144
0,0,4.474862320968942e-12
0,0,5.4458864501283344e-11
0,0,1.3565919221303346e-11
0,1,0.6231642961502075
0,0,0.0002230483660241589
0,0,2.634863216499639e-09
0,0,0.04231026768684387
0,1,0.6206272840499878
0,1,0.6082428693771362
0,0,2.546250357227109e-07
0,0,1.613072739617416e-13
0,1,0.6275111436843872
0,1,0.6960763335227966
1,1,0.6195589900016785
0,0,0.059941839426755905
0,1,0.6234566569328308
0,1,0.6696186065673828
0,1,0.6015912890434265
0,0,1.2849057928754348e-10
0,0,6.365408626152202e-05
0,0,1.443952299950979e-07
0,0,2.4531860987053733e-09
0,1,0.6178231835365295
0,1,0.6258760094642639
0,0,0.17015506327152252
0,0,7.424200372245396e-16
0,0,0.007712043356150389
0,1,0.6280837059020996
0,1,0.6288571357727051
0,1,0.5354962944984436
0,0,8.579946779718739e-07
0,1,0.639008641242981
0,0,0.00013439450412988663
0,0,1.972439989117447e-08
0,0,3.4989722230704956e-09
0,1,0.6417253613471985
0,0,3.344276027980597e-12
0,0,1.2295885420954278e-09
0,0,0.06947842985391617
0,0,4.533309838627986e-10
0,0,1.6582757031684964e-13
0,0,1.677615023894935e-13
0,1,0.6238604187965393
0,0,7.413680225276664e-10
0,1,0.6217232942581177
0,0,1.4335358173411805e-05
0,0,9.324973952729021e-12
0,1,0.6094740629196167
0,0,0.0005598993739113212
0,1,0.6144062876701355
0,0,1.1058372365368996e-05
0,1,0.6187169551849365
0,1,0.6098883152008057
0,0,0.0009386489982716739
0,1,0.6773677468299866
0,1,0.6282486915588379
0,1,0.6288763284683228
0,1,0.6294699907302856
0,1,0.6076328754425049
0,1,0.6075224280357361
0,0,1.1333723959339181e-09
0,0,1.3510202678812533e-10
0,1,0.6141934990882874
0,1,0.6469267010688782
0,0,1.8466951701157086e-07
0,1,0.6047806739807129
0,1,0.6336672902107239
0,0,1.2657410675132041e-09
0,0,0.0028544971719384193
0,1,0.6235822439193726
0,1,0.6332409977912903
0,1,0.6283488273620605
0,1,0.6239120364189148
0,0,4.2634309711103713e-13
0,0,2.7874763830482152e-08
0,1,0.6236781477928162
0,0,5.0599311407495406e-08
0,1,0.6236622929573059
0,0,0.21931922435760498
0,1,0.6276603937149048
0,1,0.6223359704017639
0,1,0.6290364861488342
0,1,0.6330745816230774
0,0,0.06113218888640404
0,1,0.6234566569328308
0,1,0.6281044483184814
0,1,0.622437596321106
0,1,0.6315891742706299
0,1,0.6293030977249146
0,1,0.635603666305542
0,0,1.3556135380898837e-12
0,0,0.00031183293322101235
0,0,4.6415040593546925e-14
0,1,0.6259453892707825
0,0,2.420429154881276e-06
0,1,0.6270849108695984
0,0,6.070394187318584e-10
0,0,0.0002602457534521818
0,0,4.632556116490605e-09
0,1,0.6170567274093628
0,1,0.6180490255355835
0,1,0.6179647445678711
0,0,2.1816623507753263e-10
0,1,0.6096732020378113
0,0,3.720521460359727e-11
0,0,2.6318641818852406e-13
0,0,6.027264798369458e-11
0,1,0.6202830672264099
0,1,0.6014584302902222
0,1,0.6298539638519287
0,0,9.358574857287749e-07
0,1,0.6072365045547485
0,1,0.6455047130584717
0,1,0.6348472237586975
0,1,0.6247003078460693
0,0,3.5652563800531167e-12
0,0,6.673306779703125e-05
0,1,0.6156554818153381
0,0,0.0007153793121688068
0,1,0.6155626177787781
0,1,0.6036360859870911
0,1,0.6403133273124695
0,0,3.8869360746533743e-13
0,0,1.840237129346889e-10
0,1,0.6143872737884521
0,1,0.6179677248001099
0,1,0.6214333176612854
0,1,0.6166107654571533
0,1,0.6301851868629456
0,1,0.621508777141571
0,1,0.6219127774238586
0,0,9.623935329217126e-12
0,1,0.6379109621047974
0,0,7.559946002544393e-10
0,1,0.6309189796447754
0,1,0.630853533744812
0,1,0.6193999648094177
0,0,1.3894582151507961e-09
0,1,0.6543543338775635
0,0,3.8685303367007404e-15
0,1,0.6380329132080078
0,0,0.00013431393017526716
0,0,2.6005769541370682e-05
0,1,0.6304076910018921
0,1,0.6367878317832947
0,0,2.8965632736799307e-06
0,0,3.583033408435926e-17
0,1,0.6150421500205994
0,1,0.6061679720878601
0,0,2.1960037954737999e-13
0,0,1.3069345641270047e-06
0,0,4.906351366851247e-11
0,1,0.623160719871521
0,0,5.8036405542472025e-12
0,1,0.628551185131073
0,0,5.442648784992343e-07
0,0,4.6211940524232276e-11
0,0,4.4597192605522196e-09
0,1,0.6209232211112976
0,0,9.275332724101304e-10
0,0,5.832612615108701e-09
0,1,0.6084319353103638
0,0,0.06187352165579796
0,1,0.6328951120376587
0,0,2.2004018615864873e-13
0,1,0.6337411999702454
0,0,1.5688278380923161e-15
0,1,0.6173349022865295
0,0,1.5013005949526814e-08
0,1,0.6263715624809265
0,1,0.6207239031791687
0,1,0.6240890622138977
0,1,0.6137793064117432
0,0,2.480261551696117e-10
0,0,1.4955935795368802e-11
0,0,1.5147059002629248e-06
0,0,5.8184072143641075e-11
0,0,8.557066735193075e-07
0,0,1.2494697984588576e-11
0,1,0.6144896149635315
0,0,2.2898078832350732e-12
0,1,0.6388106346130371
0,0,1.848542511824567e-14
0,0,2.3306457208605025e-08
0,0,8.103056420294408e-11
0,1,0.6378188133239746
0,0,2.549635613746659e-09
0,0,0.0002292322606081143
0,1,0.6124915480613708
0,1,0.600017249584198
0,0,2.546434814121312e-07
0,1,0.657749354839325
0,0,3.443984463932792e-12
0,0,6.427659826613308e-08
0,1,0.6375035047531128
0,1,0.6074326038360596
0,0,0.0001582429395057261
0,0,2.948950061920641e-08
0,1,0.6289333701133728
0,1,0.6091451048851013
0,0,3.8419109671394835e-08
0,0,9.831608827569598e-15
0,1,0.6181873679161072
0,1,0.6331993937492371
0,0,2.5718782659112094e-09
0,0,2.024974112002642e-11
0,0,3.534394110715766e-09
0,1,0.606938898563385
0,0,5.637347157971817e-07
0,0,1.9140824036867343e-08
0,0,4.028712855940614e-13
0,0,1.2506722046889962e-10
0,0,5.294764735160051e-13
0,1,0.654899001121521
0,1,0.6383389830589294
0,1,0.6254957318305969
0,0,4.278324539086498e-08
1,1,0.6272629499435425
0,1,0.6336261034011841
0,0,6.8644066735586325e-15
0,1,0.6199600696563721
0,0,2.672114786383961e-11
0,1,0.6431854963302612
0,1,0.6196191310882568
0,1,0.6185815334320068
0,1,0.6260717511177063
0,0,0.4504241347312927
0,1,0.6301968693733215
0,0,0.0005915845395065844
0,0,3.128203616142855e-07
0,1,0.6277051568031311
0,1,0.6237224340438843
0,0,7.0008204962335174e-12
0,0,3.7618002579620224e-07
0,1,0.6296291351318359
0,0,0.0016230357578024268
0,1,0.6391859650611877
0,1,0.66904616355896
0,0,3.144121290429261e-15
0,1,0.6227824687957764
0,1,0.6233612298965454
0,1,0.6355637907981873
0,0,3.7766238136782704e-08
0,1,0.6117818355560303
0,0,8.656565478304401e-05
0,1,0.6246783137321472
0,1,0.6145153641700745
0,1,0.623717725276947
0,1,0.6244845390319824
0,0,0.0009315090719610453
0,0,1.7252716588700423e-06
0,1,0.6302400827407837
0,0,9.141599977002812e-11
0,0,1.1183892700827869e-10
0,0,0.00021225355158094317
0,0,5.753985874434875e-07
0,1,0.6045337915420532
0,0,8.164983356095945e-09
0,1,0.6479129195213318
0,0,1.9446495116426377e-06
0,1,0.6296697854995728
0,0,5.130984845891362e-07
0,0,2.591030445753262e-10
0,1,0.6270977854728699
0,1,0.6117146611213684
0,0,5.919755137473448e-12
0,1,0.6168603897094727
0,1,0.6267431378364563
1,1,0.6290485858917236
0,0,8.327531553220524e-09
0,1,0.6505399346351624
0,0,2.6176765199892316e-09
0,1,0.6256293058395386
0,1,0.6423699855804443
0,0,3.065664042067873e-11
0,0,1.3713139423998655e-07
0,1,0.6305446028709412
0,1,0.6277323961257935
0,0,1.5234960515364548e-10
0,0,2.6143617706895356e-14
0,0,2.9095783702359768e-06
0,0,0.0009795784717425704
0,1,0.6290072202682495
0,1,0.6243146657943726
0,1,0.630224883556366
0,1,0.648876428604126
0,0,6.516690518765245e-06
0,0,1.053765755210101e-11
0,0,2.613161909081896e-09
0,0,5.047724904727602e-09
0,1,0.6204037666320801
0,1,0.6323562860488892
0,0,0.003238928271457553
0,0,2.385502557444852e-05
0,0,0.005909265018999577
0,0,2.7914300062548136e-06
0,0,5.49866097099283e-10
0,0,0.00021113172988407314
0,0,1.033327882895424e-13
0,1,0.6335629820823669
0,1,0.6120976805686951
0,0,5.4741344683861826e-06
0,1,0.6309388279914856
0,0,1.7405818792676373e-20
0,0,2.371395737554849e-07
0,0,1.1823663159660214e-09
0,0,2.366891838773144e-12
0,1,0.6299835443496704
1,1,0.6332531571388245
0,0,0.047556716948747635
0,1,0.6281080842018127
0,0,9.513479426459526e-07
0,0,0.0001536874915473163
0,0,3.1240171040336495e-12
0,0,6.3001626138259326e-09
0,0,3.399703435436052e-11
0,0,1.2899848798042512e-06
0,0,4.75655485051435e-13
0,1,0.6252632141113281
0,1,0.6258772611618042
0,0,1.5746545045658422e-07
0,0,2.313832979383701e-11
0,1,0.694156289100647
0,0,2.815805348491216e-14
0,0,1.0438049313776787e-09
0,0,1.6216247095135472e-12
0,0,0.0004382968181744218
0,1,0.6102453470230103
0,1,0.6236523389816284
0,0,8.15005387266865e-06
0,1,0.6288757920265198
0,1,0.632462203502655
0,0,3.1310262329498073e-06
0,0,3.4797175991335694e-13
0,0,6.242848984072333e-14
0,1,0.6330230832099915
0,0,6.839439681272097e-09
0,1,0.6245089769363403
0,1,0.6388443112373352
0,1,0.6272269487380981
0,0,1.4618039417824136e-11
0,1,0.629188060760498
0,0,1.141045504482463e-05
0,1,0.6298550963401794
0,0,1.1488804574355527e-08
0,1,0.625114917755127
0,0,8.291771713686558e-10
0,0,8.268655733445485e-07
0,0,2.505868845759096e-09
0,0,0.00026822544168680906
0,1,0.6196840405464172
0,1,0.6173994541168213
0,0,0.022363441064953804
0,0,1.3869551259435356e-14
0,0,1.8676722390864597e-07
1,1,0.6213670372962952
0,0,2.0627828334340848e-08
0,0,2.8396501816629893e-10
0,0,0.01190083846449852
0,1,0.630204975605011
0,1,0.6229876279830933
0,0,1.8452992467388185e-09
0,0,7.218812353437798e-11
0,0,9.393410493885312e-09
0,0,4.879755579167977e-06
0,0,9.158591183222597e-07
0,0,4.489865023060702e-05
0,0,3.202923835488036e-05
0,0,6.678933101023077e-11
0,1,0.6132366061210632
0,1,0.6225341558456421
0,1,0.669865608215332
1,1,0.635547399520874
0,0,9.410505361073795e-12
0,1,0.6531744003295898
0,1,0.6567410230636597
0,1,0.6297317147254944
0,1,0.6243817210197449
0,1,0.6203328371047974
0,0,5.40124780457063e-08
0,0,0.00010652877972461283
0,0,0.004782599397003651
0,0,0.0007933521992526948
0,0,6.658128492986748e-10
0,1,0.6275374293327332
0,0,1.884213141067903e-08
0,0,9.91729032229216e-10
0,1,0.624813437461853
0,1,0.6341549754142761
0,0,8.312778803254862e-15
0,1,0.6285991668701172
0,1,0.6205913424491882
0,1,0.6191987991333008
0,0,2.083749848225125e-07
0,1,0.6295124292373657
0,0,0.0040200985968112946
0,0,1.2472928506007674e-12
0,1,0.625853955745697
0,0,3.873059085890418e-06
0,1,0.6035928726196289
0,1,0.6365674138069153
0,1,0.6205748319625854
0,0,2.3695678936803272e-14
0,0,1.2092792323059598e-09
0,0,0.00014934060163795948
0,0,2.1947856865267568e-09
0,1,0.6278160214424133
0,1,0.627312183380127
0,1,0.6261715292930603
0,0,1.145704642269152e-09
0,1,0.622918426990509
0,1,0.620948314666748
0,0,1.3061421423717702e-16
0,1,0.616451621055603
0,1,0.636539876461029
0,1,0.6236733794212341
0,1,0.6190550327301025
0,1,0.6187901496887207
0,0,2.345598541786398e-12
0,0,7.925017586618566e-11
0,1,0.623269259929657
0,1,0.6354900002479553
0,0,4.42024108288086e-12
0,1,0.6242773532867432
0,1,0.6435542106628418
0,1,0.6235577464103699
0,0,0.00551106920465827
0,1,0.6221709847450256
0,1,0.6227505207061768
0,1,0.6176598072052002
0,0,6.091718063316875e-08
0,0,2.3802506632364384e-09
0,1,0.6152364015579224
0,0,0.0009478158899582922
0,1,0.62649005651474
0,0,1.7552006514875984e-09
0,0,4.229807337718938e-10
0,0,1.9597246136981994e-07
0,0,8.607808013039175e-06
0,0,0.0010959384962916374
0,1,0.6292664408683777
0,1,0.6168503761291504
0,1,0.6252444386482239
0,1,0.6262862086296082
0,0,0.21367287635803223
0,0,1.3219313881387973e-13
0,0,9.68744461715687e-06
0,1,0.63127201795578
0,1,0.6243219375610352
0,1,0.6304491758346558
0,0,1.1079363121391239e-11
0,0,1.4442115343626938e-06
0,1,0.7225466370582581
0,1,0.5961775183677673
0,0,6.793583917641399e-09
0,1,0.6178584694862366
0,1,0.6350468397140503
0,0,4.8777316408177285e-08
0,1,0.6133748888969421
0,1,0.6157230138778687
0,0,7.2620754895669215e-12
0,0,2.685557319637155e-06
0,0,8.245831860202724e-13
0,1,0.6319217085838318
0,0,1.0217228105235954e-11
0,0,0.0008006674470379949
0,0,0.00010419743193779141
0,0,0.000121889024740085
0,1,0.6021015048027039
0,1,0.6330816745758057
0,0,6.378085993380411e-13
0,1,0.6659040451049805
0,0,4.691249614552362e-06
0,0,1.5849983825422242e-10
0,1,0.6319696307182312
0,1,0.6430672407150269
0,0,5.317295215245821e-12
0,0,1.3065822035418506e-10
0,1,0.6231037974357605
0,0,3.6375424770085374e-06
0,0,1.345463725242052e-13
0,0,0.00045349940774030983
0,0,1.3326102887845082e-08
0,0,0.000274638703558594
0,1,0.6287989020347595
0,0,5.265574600343825e-06
0,1,0.6262955665588379
0,0,4.275130461228391e-14
0,0,0.09559059888124466
0,1,0.6862518191337585
0,0,0.004530908539891243
0,0,2.5261744696081223e-08
0,1,0.6115919947624207
0,1,0.6524821519851685
0,1,0.6207833290100098
0,0,5.233890476574743e-08
0,0,0.04329921305179596
0,0,1.4258645819609228e-07
0,1,0.6226736903190613
0,1,0.6243679523468018
0,1,0.6104097962379456
0,0,4.618756429408677e-05
0,1,0.6262233853340149
0,0,0.0010428050300106406
0,1,0.6219912171363831
1,1,0.6121678948402405
0,1,0.6316825151443481
0,1,0.6352070569992065
0,1,0.610389232635498
0,1,0.6135859489440918
0,0,5.661824342695354e-10
0,1,0.6230092644691467
0,1,0.6171895265579224
0,1,0.6011073589324951
0,1,0.6332101225852966
0,1,0.6314147710800171
0,0,2.921163588798237e-10
0,1,0.6267417669296265
0,0,4.927788666009292e-08
0,0,3.8082014270912623e-06
0,1,0.6113538146018982
0,1,0.6382498145103455
0,0,2.2947616029611595e-12
0,1,0.611341655254364
0,1,0.6163035035133362
0,1,0.6226409077644348
0,0,3.542908674769585e-11
0,1,0.6336160898208618
0,0,2.766895823569371e-09
0,0,1.0740203606474097e-06
0,0,2.856980485521632e-10
0,1,0.6319849491119385
0,1,0.6209829449653625
0,0,7.089277005434269e-07
0,0,2.807004628735399e-11
0,1,0.6329765915870667
0,0,9.867553441011978e-10
0,1,0.6132237911224365
0,0,5.0735114026645434e-11
0,0,4.8366391051718124e-14
0,1,0.6216908693313599
0,1,0.6275081038475037
0,0,0.00018001753778662533
0,1,0.6305199861526489
0,1,0.6523887515068054
0,1,0.6295350193977356
0,1,0.6092629432678223
0,1,0.6173985600471497
0,0,3.0218436222639866e-05
0,0,1.6826784587919974e-07
0,1,0.6491138339042664
0,0,0.0005824543186463416
0,0,6.127484630802371e-11
0,0,3.709959043533134e-13
0,0,5.598515141064242e-12
0,1,0.6252698302268982
0,0,0.014119042083621025
0,0,2.7099950091597456e-14
0,0,8.159002754837275e-05
0,0,4.9225982365896925e-06
0,1,0.6116636395454407
0,0,1.0514338288913905e-09
0,1,0.6197681427001953
0,0,1.3228286521727028e-10
0,0,9.58579548751004e-05
0,0,3.3060021564779163e-07
0,0,2.897444801419624e-06
0,0,1.0186401418546542e-12
1,1,0.6301212906837463
0,0,4.055883628950596e-09
0,1,0.6206631660461426
0,1,0.6439874768257141
0,1,0.621676504611969
0,0,2.4349796490241715e-07
0,0,3.1240231755658154e-12
0,1,0.6326915621757507
0,1,0.6500735878944397
0,1,0.623696506023407
0,1,0.6232022643089294
0,0,0.00973450392484665
1,1,0.646687388420105
0,1,0.6342372298240662
0,1,0.6062343716621399
0,0,0.0056784870103001595
0,1,0.6635413765907288
0,1,0.6151250600814819
0,0,1.7087016480551998e-12
0,1,0.6213868260383606
0,0,0.0005835164338350296
0,1,0.612919270992279
0,1,0.6181488633155823
0,0,4.619500941771548e-06
0,1,0.6292496919631958
0,1,0.6206885576248169
0,0,0.007508477196097374
0,1,0.6177395582199097
0,1,0.6273133754730225
0,0,0.00022224274289328605
0,0,0.0005425714189186692
0,1,0.6349700689315796
0,0,6.457354902522638e-05
0,0,1.3539022062757783e-13
0,1,0.6209908723831177
0,0,6.392904469976202e-05
0,0,1.5320691937326103e-10
0,0,3.186043373570868e-10
0,0,3.578987106678255e-11
0,1,0.6368037462234497
0,0,3.602162318427915e-11
0,1,0.6153445243835449
0,0,6.318203560340407e-08
0,0,2.4243238385679433e-06
0,0,8.700316023180221e-10
0,1,0.6235485672950745
0,0,7.050373824313283e-05
0,1,0.6310932636260986
0,1,0.6218934655189514
0,0,0.00047334685223177075
0,1,0.6262351274490356
0,0,2.5704202424848242e-14
0,1,0.6225361824035645
0,1,0.6904634833335876
0,0,3.2625357276883094e-11
0,1,0.6750701665878296
0,0,9.586160740582272e-05
0,1,0.6195628046989441
0,1,0.6178886294364929
0,0,4.405039444321801e-09
0,1,0.6231166124343872
0,0,3.036789708588117e-09
0,1,0.6255031824111938
0,1,0.6155272126197815
0,0,9.308851432743293e-13
0,1,0.6144784688949585
0,1,0.6173515915870667
0,1,0.6283000111579895
0,1,0.6241613626480103
0,1,0.6301097869873047
0,0,5.262048148324538e-07
0,1,0.6275317072868347
0,0,9.820046165120999e-11
1,1,0.632978081703186
0,1,0.603101372718811
0,0,1.4747112686563923e-07
0,0,2.8988691447295878e-09
0,1,0.6266237497329712
0,1,0.6087467670440674
0,1,0.6365545392036438
0,0,0.0004236249951645732
0,0,0.00018469718634150922
0,1,0.62701416015625
0,0,3.256247873650864e-05
0,0,3.3799049560911953e-05
0,1,0.6251403093338013
0,1,0.6663501858711243
0,1,0.6006221771240234
0,0,3.7511745176743716e-07
0,1,0.625018835067749
0,1,0.629341185092926
0,0,3.9206041435287456e-14
0,0,2.296100420906555e-09
0,1,0.611508309841156
0,1,0.6246840953826904
0,1,0.6151447892189026
0,1,0.6260399222373962
0,1,0.6331217885017395
0,1,0.6245858669281006
0,0,4.3105893610118073e-07
0,1,0.6338909268379211
0,0,5.03842493344564e-05
1,1,0.6609300971031189
0,0,8.656375963256302e-12
0,1,0.6607043743133545
0,0,0.0006183069199323654
0,0,1.2498552540152197e-12
0,1,0.6263413429260254
0,0,2.5460394681431353e-06
0,1,0.6537911295890808
0,1,0.6978772878646851
0,0,9.209718543345957e-10
0,1,0.6341712474822998
0,1,0.6275500655174255
0,1,0.6408981084823608
0,1,0.6321547031402588
0,1,0.6248781681060791
0,1,0.6271033883094788
0,1,0.6264810562133789
0,0,1.3855103730975316e-08
0,0,0.027976639568805695
1,1,0.625973641872406
0,1,0.6315881013870239
0,1,0.6313782930374146
0,0,5.5041145969880745e-06
0,0,2.976176249891438e-11
0,1,0.6247289776802063
0,1,0.6256353259086609
0,1,0.6274278163909912
0,0,1.0095242863883414e-08
0,1,0.6288914084434509
0,1,0.6186480522155762
0,1,0.6342203617095947
0,0,0.00039126334013417363
0,0,1.3781050256511662e-07
0,0,7.67845964588787e-09
0,1,0.6331993937492371
1,1,0.6292924284934998
1,1,0.6295792460441589
0,1,0.6268019080162048
0,0,9.059644590081462e-09
0,0,3.5720702840080776e-08
0,0,1.6581680961028772e-13
0,0,6.919838710928161e-07
0,1,0.6063597798347473
0,1,0.6064534783363342
0,0,2.9330808501981664e-06
0,1,0.6256645917892456
0,0,8.053696056407877e-13
0,0,1.7609731628454028e-07
0,0,0.008201195858418941
0,0,9.953465189647265e-14
0,0,2.981088755404926e-06
0,1,0.6183264255523682
0,1,0.6271129846572876
0,1,0.6121103167533875
0,0,3.8678837910310904e-10
0,1,0.623231828212738
0,0,1.541217264922068e-09
0,1,0.6209354400634766
0,1,0.6304853558540344
0,1,0.6109083294868469
0,1,0.630216121673584
0,0,1.1146230463054962e-06
0,0,1.3392058295647047e-10
1,1,0.6229751110076904
0,0,3.806491122304578e-08
0,0,7.160223477499505e-13
0,0,2.0568158287659344e-11
0,1,0.6204856038093567
0,0,7.615432728869109e-10
0,1,0.6504722833633423
0,0,3.3296678338956553e-06
0,0,9.011405987732757e-13
0,1,0.6175152063369751
0,0,3.80139795197465e-08
0,1,0.7606644034385681
0,1,0.6255592107772827
0,1,0.6130572557449341
0,1,0.718444287776947
0,1,0.6227035522460938
0,1,0.6189408302307129
1,1,0.6396914720535278
0,1,0.6579262018203735
0,0,0.0002477607340551913
0,0,8.037845873332117e-07
0,1,0.6094388961791992
0,1,0.6188666224479675
0,1,0.6168485283851624
0,1,0.6295704245567322
0,0,2.935061971243158e-08
0,1,0.6285411715507507
0,0,1.1445472409832291e-05
0,1,0.6351820230484009
0,0,5.28517984932364e-09
0,1,0.6264907121658325
0,1,0.6434811949729919
0,0,2.0225972792767798e-14
0,1,0.6021328568458557
0,1,0.6276467442512512
1,1,0.6478192806243896
0,1,0.606874942779541
0,1,0.6029987931251526
0,1,0.718014657497406
0,0,8.059787069214508e-05
0,1,0.6089598536491394
0,0,3.8071882499934873e-06
0,1,0.6346707940101624
0,0,3.7344267411754117e-07
0,0,5.9465834056027234e-05
0,0,2.3284595584982526e-08
0,0,1.3365136775078668e-10
0,0,7.189334631091393e-12
0,1,0.6292667388916016
0,1,0.6310698390007019
0,1,0.6236743330955505
0,0,6.709906501950469e-12
0,1,0.6030510663986206
0,1,0.6123520135879517
0,0,4.275890893527118e-13
0,1,0.6201268434524536
0,1,0.6246820688247681
0,1,0.6150480508804321
0,1,0.6535934805870056
0,0,1.4472886430971776e-11
0,0,5.803905966939027e-12
0,0,1.5572609174396845e-11
0,1,0.6400802731513977
0,1,0.6106013059616089
0,1,0.6217580437660217
0,1,0.6143947243690491
0,1,0.6246615648269653
0,0,2.9617739372156393e-08
1,1,0.6295146942138672
0,1,0.6192677021026611
0,0,5.5525469476198214e-14
0,1,0.6257410645484924
0,0,1.38590958158602e-05
0,0,9.501165187941751e-09
0,0,0.029204724356532097
0,1,0.6169703602790833
1,1,0.6255175471305847
0,0,3.081138970628672e-07
0,1,0.6187313199043274
0,0,0.011052911169826984
0,1,0.6278497576713562
0,0,2.5023009584401734e-06
0,1,0.6219577789306641
0,1,0.6116561889648438
0,0,0.007231839466840029
0,1,0.604889452457428
0,1,0.6252298355102539
0,1,0.6232658624649048
0,1,0.6270644664764404
0,1,0.6084802150726318
0,0,1.3910218810142538e-10
0,0,6.257124596231733e-08
0,0,3.9439656401851764e-11
0,1,0.5990922451019287
0,1,0.6155586838722229
0,1,0.6077427268028259
1,1,0.6289968490600586
0,1,0.6255373358726501
0,0,9.158074298909469e-11
0,1,0.6311802864074707
0,1,0.6300005912780762
0,1,0.6175857186317444
0,1,0.646996259689331
0,0,2.113885102517088e-07
0,0,0.19327272474765778
0,0,6.440042170652305e-07
1,1,0.6371057033538818
0,0,6.288651457214689e-12
0,0,0.007441907189786434
0,0,1.2725357919407543e-05
0,1,0.7437872290611267
0,0,1.1343270500674407e-07
0,0,2.9429039500455945e-12
0,1,0.6046216487884521
0,0,6.539980677189305e-05
0,0,0.0029836243484169245
0,1,0.6317866444587708
0,1,0.6234309077262878
0,1,0.6205312013626099
1,1,0.6411371231079102
0,1,0.6065777540206909
0,0,9.187072464555968e-06
0,1,0.6276695728302002
0,0,1.2674812310820016e-08
0,0,3.785067745343262e-12
0,1,0.6397197246551514
0,0,1.1530739037202142e-11
0,0,7.145053881885133e-09
0,1,0.6051239371299744
0,1,0.6229096055030823
0,1,0.6222006678581238
0,1,0.6763620376586914
0,1,0.6205294132232666
0,1,0.6283696889877319
0,1,0.6301068663597107
0,0,0.04029073566198349
0,0,0.0012096214340999722
0,1,0.6474450826644897
0,1,0.6262567043304443
0,1,0.627880334854126
0,0,1.3800489284676587e-07
0,1,0.6322645545005798
1,1,0.6357569098472595
0,0,2.1699095668736845e-05
0,0,8.607757706613484e-08
0,1,0.6174229979515076
0,1,0.6226754784584045
0,1,0.676021933555603
0,0,0.00010156918142456561
1,1,0.6116712689399719
0,1,0.6356727480888367
0,1,0.6345741152763367
0,0,2.3327002551809528e-08
0,0,4.14845890190918e-05
0,0,0.31215330958366394
0,1,0.6251737475395203
0,1,0.6253940463066101
0,1,0.6272162199020386
0,1,0.6217424869537354
0,0,2.27166651711741e-07
0,1,0.6286106705665588
0,1,0.627605140209198
0,0,1.1476360668893903e-05
0,0,1.9686120789064177e-10
0,0,7.428989334812286e-08
0,1,0.6368135809898376
0,1,0.6294587850570679
0,1,0.609708845615387
0,1,0.6235063076019287
0,1,0.6608592867851257
0,1,0.6207291483879089
0,0,7.499146903455767e-08
0,1,0.6083273887634277
0,0,2.0069980399828324e-11
0,1,0.6266040802001953
0,1,0.6292259097099304
0,0,2.926648676293553e-06
0,1,0.6341263651847839
0,0,1.8803268631018e-06
0,1,0.6270506381988525
0,1,0.6208036541938782
0,0,4.715578597824788e-06
0,0,9.691335378647636e-08
0,1,0.6108271479606628
0,1,0.637647807598114
0,1,0.6431028842926025
0,0,3.2317626352806883e-10
0,0,3.580839984351769e-05
0,1,0.6214355230331421
0,1,0.6147701144218445
0,0,7.807783308777516e-10
1,1,0.626405656337738
0,0,2.9336567897164656e-12
0,1,0.6033536195755005
0,1,0.6237755417823792
0,0,4.904730488419773e-08
0,1,0.6238872408866882
0,0,0.00021558362641371787
0,0,0.0024177017621695995
0,0,4.1155351349075886e-10
0,0,9.081340976990759e-07
0,1,0.6325288414955139
0,1,0.6161596179008484
0,1,0.6254663467407227
0,1,0.6736648678779602
0,1,0.6241675019264221
0,0,0.0038324452470988035
0,1,0.6276624202728271
0,0,3.718576380151717e-08
0,1,0.6237030625343323
0,0,6.270547969755569e-10
0,1,0.6279889345169067
0,0,4.573586807055108e-07
0,0,7.724424335719959e-07
0,0,3.180447492923122e-06
0,1,0.630470335483551
0,1,0.6234909892082214
0,1,0.6347484588623047
0,0,9.942796168616042e-05
0,0,2.979293822136242e-05
0,1,0.6326044201850891
0,1,0.6146011352539062
0,0,5.897381649862254e-13
0,0,2.1840813879681065e-10
0,1,0.6043901443481445
0,0,8.458886441076174e-06
0,1,0.6273655295372009
0,1,0.6302124261856079
0,0,5.021354081691243e-05
0,1,0.6302725672721863
0,1,0.6223176717758179
0,1,0.6212005019187927
1,1,0.6184139847755432
0,1,0.6223949193954468
0,1,0.5403592586517334
0,1,0.6311140656471252
0,0,1.952765238399934e-08
0,0,5.166997496530712e-08
0,1,0.6089730858802795
0,1,0.6228236556053162
0,1,0.6290330290794373
0,0,2.8810609009610744e-08
0,1,0.6199511885643005
0,1,0.6456145644187927
0,0,2.3665224091473647e-07
0,0,0.00034617105848155916
0,0,4.297917022277886e-10
0,1,0.6281899809837341
0,0,1.2293942990362905e-12
0,0,4.995041272964906e-12
0,0,5.07593356235958e-10
0,0,5.686513926406178e-09
0,1,0.6353331804275513
0,1,0.6258633732795715
0,0,1.6704531909193104e-13
0,0,2.0333605021960466e-08
0,0,1.4046714902349322e-08
0,0,4.161381905731787e-09
0,1,0.6298449039459229
0,1,0.6252651810646057
0,1,0.6071283221244812
0,0,2.9689098401952663e-13
0,0,4.9203730553924047e-14
0,0,0.000172395259141922
0,0,1.5347599580106674e-10
0,1,0.621807336807251
0,0,7.249215286719846e-06
0,1,0.6247231960296631
0,0,7.394385871293228e-15
0,1,0.6330083608627319
0,1,0.6335899233818054
0,0,2.933857157216835e-09
0,1,0.6259665489196777
0,0,9.972645784728229e-06
0,1,0.6163020730018616
0,1,0.6190723776817322
0,0,8.966483111549906e-10
0,1,0.6298021078109741
0,0,1.39582112979042e-07
0,1,0.6377092003822327
0,1,0.6173178553581238
0,0,0.00630824314430356
0,1,0.6333321928977966
1,1,0.6311090588569641
0,1,0.6083400845527649
0,0,0.00014317614841274917
0,1,0.6138768196105957
0,0,3.8971919441577185e-11
0,0,4.730288383214543e-10
0,1,0.6340517997741699
0,1,0.6319114565849304
0,0,0.0006900013540871441
0,0,0.0025260623078793287
0,1,0.6341380476951599
0,1,0.6088459491729736
0,0,0.00016085809329524636
0,1,0.605896532535553
0,1,0.6186574697494507
0,1,0.6257041692733765
0,1,0.6295397281646729
0,1,0.6416299939155579
0,0,3.2035132879748573e-10
0,0,5.23696991534036e-14
0,1,0.506541907787323
0,1,0.6272734999656677
0,1,0.6259648203849792
0,1,0.635355532169342
0,0,0.01659632846713066
0,0,3.063837721128948e-05
0,0,3.6008213299965064e-08
0,1,0.6183812618255615
0,0,7.257644138447539e-12
0,0,1.5280277856823815e-13
0,0,0.0012563822092488408
0,1,0.6145581603050232
0,0,2.1650043890986126e-06
0,0,4.3004526805931476e-13
0,0,9.752601926038551e-08
0,0,4.614948051798965e-15
0,1,0.6275998950004578
0,0,6.288193162617972e-06
0,1,0.6294350624084473
0,0,5.42386621726898e-12
0,1,0.6038945317268372
0,1,0.6255257725715637
0,0,1.6181593309738673e-05
0,1,0.6239825487136841
0,1,0.6332393884658813
0,1,0.6190264225006104
0,1,0.613484799861908
0,0,0.02471153251826763
0,1,0.6306232213973999
0,0,4.7213943865642705e-09
0,0,6.803240748531891e-10
0,1,0.628580629825592
0,0,2.184543541341403e-14
0,0,2.3570156937324782e-09
0,1,0.6225150227546692
0,1,0.6220414638519287
0,0,7.756588274787646e-06
0,0,1.618507758371912e-11
0,0,1.9802173789607025e-11
0,0,0.36419782042503357
0,0,3.5732730663262657e-10
0,0,2.3581401364936028e-06
0,1,0.6316540241241455
0,1,0.6341028213500977
0,1,0.6214582324028015
0,0,2.042315827566199e-08
0,1,0.6267245411872864
0,1,0.6133148074150085
0,0,2.8912735053343575e-11
0,1,0.6180076003074646
0,1,0.60378098487854
0,1,0.6326168179512024
0,0,0.14308464527130127
0,1,0.6101886630058289
0,0,5.2994379717841156e-11
0,1,0.6104031801223755
0,1,0.5450276136398315
0,0,0.0027044652961194515
0,1,0.6150853037834167
0,1,0.6372936964035034
0,0,1.8587360273158993e-06
0,1,0.6154851317405701
1,1,0.6277287602424622
1,1,0.6186011433601379
0,0,1.4668049743704614e-06
0,1,0.6754017472267151
0,0,0.012105748988687992
0,0,1.094009235202975e-06
0,1,0.6114925146102905
0,1,0.6169714331626892
0,0,0.0040313503704965115
0,0,6.2660367651133034e-15
0,0,0.008030194789171219
0,1,0.623278796672821
0,0,3.307521723172613e-08
0,1,0.6209648251533508
0,0,0.00017699440650176257
0,1,0.6235796809196472
0,1,0.6064725518226624
0,1,0.6291393637657166
0,0,5.871789198863553e-06
0,0,3.2751507061945517e-10
0,1,0.6262466907501221
0,0,1.5551461229890151e-09
0,0,4.155292845098302e-05
0,1,0.6178343892097473
0,1,0.6152117848396301
0,0,1.2896158523290069e-06
0,1,0.6259548664093018
0,1,0.6134076118469238
0,0,5.60603519161873e-09
0,0,0.00028220596141181886
0,1,0.6114420294761658
0,0,8.323815414712499e-09
0,0,0.052764892578125
0,0,1.7522668158045235e-13
0,0,4.1664441141620046e-07
0,0,2.596057369075311e-09
0,1,0.6227980852127075
0,1,0.621145486831665
0,1,0.6409833431243896
0,0,3.307367296656594e-05
0,1,0.6247861981391907
0,1,0.6198984980583191
1,1,0.6195840239524841
0,1,0.624584972858429
0,1,0.6374260187149048
0,1,0.6479300856590271
0,1,0.6317459344863892
0,0,3.304874429677085e-11
0,0,5.6001998594013e-09
0,0,1.5946661733323708e-06
0,0,1.0351065611757804e-05
0,1,0.6273074746131897
0,1,0.6351664662361145
0,0,3.413850936340168e-05
0,1,0.6286442875862122
0,0,1.0655386972757697e-07
0,0,1.7507812088979335e-08
0,0,5.359541369737153e-12
0,0,8.755762635108758e-15
0,1,0.6130054593086243
0,1,0.6368703842163086
0,1,0.6171767115592957
0,1,0.6285864114761353
0,0,1.414945383082511e-09
0,0,8.703890443939599e-07
0,1,0.6323871612548828
0,1,0.6296035051345825
0,0,2.623856332206742e-08
0,1,0.625644326210022
0,0,0.0012359833344817162
0,0,1.9170986433891812e-06
0,0,6.996835023257569e-14
0,0,0.0016542531084269285
0,1,0.6243036985397339
0,1,0.604337751865387
0,0,1.4677365989257396e-09
0,0,7.157379615201076e-14
0,0,3.790341738391101e-12
1,1,0.6280583739280701
0,0,9.070865261175121e-13
1,1,0.6232495307922363
0,0,0.0034865487832576036
0,1,0.6287840604782104
0,0,9.050632639173717e-12
0,0,2.9532748759871023e-18
0,1,0.6295303106307983
0,1,0.6204832196235657
0,0,0.014653041027486324
0,1,0.6245830655097961
0,1,0.628777027130127
0,1,0.6559083461761475
0,1,0.6252671480178833
0,0,5.989666770379876e-14
0,1,0.6235756874084473
0,1,0.6437056064605713
0,0,5.831100047259952e-09
0,1,0.6276053190231323
0,1,0.6299353241920471
0,1,0.6151183247566223
0,1,0.6020867228507996
0,0,2.440674688841682e-05
0,0,2.9741088064527688e-12
0,1,0.6901096105575562
0,1,0.6240275502204895
0,1,0.6481128931045532
0,1,0.626270592212677
0,1,0.608164370059967
0,0,5.893094849997518e-14
0,0,0.04163944348692894
0,0,0.004605115856975317
0,1,0.6509974598884583
0,1,0.6342623233795166
0,0,4.228985562804155e-05
0,1,0.6212476491928101
0,1,0.6375808715820312
0,1,0.6296766400337219
0,1,0.6338120102882385
0,1,0.6300848126411438
0,0,4.762862881868557e-10
0,1,0.6338154077529907
0,0,2.5985380514015333e-10
0,1,0.6075591444969177
0,0,1.3183418785017351e-15
0,0,0.00021052183001302183
0,1,0.6195528507232666
0,0,3.944326809612875e-11
0,1,0.6237314939498901
1,1,0.6338376402854919
0,0,3.146826941247127e-07
0,1,0.6174027323722839
0,1,0.6146649718284607
0,1,0.626376748085022
0,0,7.880728247755542e-08
0,1,0.6284186840057373
1,1,0.659851610660553
0,0,2.9705216775255394e-07
0,0,0.0002286705421283841
0,0,0.00020132947247475386
0,0,1.7770965810015582e-09
0,0,1.3221526651285842e-10
0,0,3.18258724929521e-10
0,0,1.737122667933022e-09
0,1,0.6244897246360779
1,1,0.6177829504013062
0,0,3.1098170913401724e-14
0,1,0.6196915507316589
0,0,0.00020931732433382422
0,1,0.6604255437850952
0,1,0.6317433714866638
0,1,0.6275179982185364
0,1,0.6357489228248596
0,0,2.9253119371297487e-10
0,1,0.6207088232040405
0,1,0.6217421293258667
1,1,0.635541558265686
0,1,0.6178416609764099
0,0,3.030651640756332e-08
0,0,7.808232272687389e-17
0,1,0.6177405714988708
0,1,0.6188309192657471
0,1,0.6285898089408875
0,1,0.6364856362342834
0,1,0.5917506217956543
0,0,2.62446162892227e-12
0,1,0.62751305103302
0,1,0.6207152605056763
0,1,0.6137906312942505
0,0,7.973104629854788e-07
0,0,7.07782721320882e-10
0,0,8.604293492975312e-12
0,0,8.423183261996314e-10
0,1,0.615748941898346
0,0,0.11631432920694351
0,1,0.618211567401886
0,0,1.3191964171710424e-05
0,0,2.9278207875904627e-05
0,0,1.1480046947787148e-11
0,0,5.9174635680392385e-06
0,0,0.005054184701293707
0,0,0.003964568488299847
0,0,6.983758794376627e-05
0,1,0.6213095188140869
0,1,0.6227388978004456
0,0,4.58916709078494e-08
0,0,7.77950186908738e-12
0,1,0.6585345268249512
0,0,5.280949722658024e-12
0,0,7.82242750574369e-06
0,0,4.0741954254741586e-10
0,0,2.9068903588478495e-14
0,0,4.9445447736218284e-09
0,1,0.6186509728431702
0,0,8.349002378338355e-09
0,0,4.97165676682787e-13
0,0,2.0233228981147988e-10
0,0,2.577833402028773e-05
0,0,0.004445295315235853
0,1,0.6108134984970093
0,1,0.6607256531715393
0,0,5.830171068144097e-11
0,1,0.6243796944618225
0,1,0.619893491268158
0,1,0.6288303136825562
0,1,0.6332782506942749
1,1,0.6202239990234375
0,0,0.005244731437414885
0,0,0.00031726821907795966
0,1,0.6275730729103088
0,1,0.6235541701316833
0,0,1.0220059520893443e-10
0,0,0.003064619842916727
0,1,0.6048926711082458
0,1,0.6282587051391602
0,1,0.6316949725151062
0,0,6.8805245945213755e-09
0,1,0.6212428212165833
0,0,0.0009034588583745062
0,0,1.3205962204665411e-05
0,1,0.6278748512268066
0,0,4.324743713368662e-06
0,0,3.99863381517207e-07
0,0,2.590665681978521e-09
0,0,1.4467720355071378e-08
0,1,0.6264497637748718
0,1,0.6085185408592224
0,1,0.628349244594574
0,0,2.138699983333936e-06
0,0,0.0043784272857010365
0,1,0.6964325904846191
0,1,0.6371850967407227
0,0,2.31593147437259e-10
0,1,0.6145828366279602
0,0,1.171788568399279e-07
0,0,0.014020721428096294
0,0,1.9223950431523917e-08
0,1,0.6148092150688171
0,0,7.302800781872065e-07
0,1,0.6085224151611328
0,1,0.6268412470817566
0,1,0.6931185126304626
0,1,0.6290090680122375
0,0,1.9022506592136779e-07
0,1,0.6151178479194641
0,1,0.621656060218811
0,1,0.6336075663566589
0,1,0.6236342787742615
1,1,0.6319615244865417
0,0,0.0029179381672292948
0,0,9.991077831728035e-08
0,0,4.4159372919239104e-05
0,0,1.6034133523135097e-06
0,0,1.5535066566485511e-09
0,0,6.715369818266481e-05
0,1,0.6244967579841614
0,1,0.6209279894828796
0,1,0.6050698757171631
0,0,3.59349087375449e-07
0,1,0.6306078433990479
0,1,0.6442509293556213
0,0,1.147317310601359e-11
0,0,8.280367710944425e-12
0,0,8.347807778363858e-09
0,0,0.007597804069519043
0,1,0.6343507766723633
0,1,0.603826105594635
0,1,0.634476900100708
0,1,0.6226609349250793
0,0,0.00021305585687514395
0,1,0.6115203499794006
0,0,4.935758052271311e-11
0,0,4.495445248692276e-12
0,1,0.6265631318092346
0,0,7.603233598274528e-08
0,0,4.2538689740467817e-05
0,1,0.6117739081382751
0,0,2.4657145769602096e-10
0,0,8.456081668217763e-11
0,1,0.6352469325065613
0,0,0.008309772238135338
0,1,0.6279072761535645
0,0,7.511120225138848e-14
0,1,0.628269612789154
0,0,1.3831498613114945e-08
0,1,0.620656430721283
0,1,0.6262595653533936
0,1,0.6179354190826416
0,0,1.8073900154291778e-09
0,0,0.00015862667351029813
0,1,0.6330946683883667
0,0,5.73161310080117e-14
0,1,0.604424774646759
0,1,0.7127824425697327
0,0,1.7410473019882633e-12
0,1,0.6150782704353333
0,0,2.077003227896057e-05
0,0,9.385749989709868e-12
0,0,1.0981385939468069e-11
0,0,0.006378336809575558
0,1,0.6100565195083618
0,0,2.0421175577212125e-05
0,1,0.6261394619941711
0,1,0.6297978758811951
0,0,3.7843142308702227e-06
0,0,7.888589412773095e-13
0,0,2.2361767216302463e-15
0,1,0.6191394925117493
0,0,0.0007602336117997766
0,1,0.6305120587348938
0,0,2.1424348569092783e-13
0,1,0.6489516496658325
0,0,4.1239548664862014e-08
0,1,0.673080563545227
0,0,3.044654634949662e-16
0,1,0.6294913291931152
0,1,0.6234157681465149
0,1,0.6119306683540344
0,0,0.026323813945055008
0,0,1.0063237709800887e-07
0,1,0.6295199990272522
0,1,0.621303379535675
0,0,2.735766724271116e-09
0,1,0.622280478477478
0,1,0.6285516619682312
0,1,0.6315305829048157
0,1,0.6270214915275574
0,0,1.481550407333998e-05
1,1,0.6347714066505432
0,1,0.6362694501876831
0,1,0.6250780820846558
0,1,0.6127572059631348
0,0,4.83586226618371e-11
0,0,2.862946359982743e-07
0,1,0.6312800645828247
0,0,0.000798890134319663
0,1,0.6115397214889526
0,0,3.176467742267361e-14
0,1,0.6316348314285278
0,0,0.00015953482943587005
0,0,6.268972452261323e-09
0,0,2.2963912726936542e-07
0,1,0.6334231495857239
0,1,0.6323713660240173
0,1,0.6261176466941833
0,0,5.020615677754983e-14
0,0,3.8674309621455905e-07
0,1,0.6350147724151611
0,0,0.20753715932369232
0,0,3.212217905002035e-07
0,0,1.9465169476262645e-09
0,0,6.414606767578181e-15
0,0,0.0013701641000807285
0,0,5.751187720504092e-12
0,0,0.0007714780513197184
0,1,0.6253811120986938
0,0,1.0156872088176727e-12
0,0,4.787257807947753e-07
0,0,1.4562485332186847e-12
0,0,7.413085987076351e-14
0,1,0.6171305179595947
0,0,9.829897862800863e-06
1,1,0.6400631666183472
0,1,0.610271155834198
0,0,8.854314364725724e-05
0,0,2.5152230992420144e-11
0,0,4.558241371160898e-12
0,1,0.6259215474128723
0,1,0.6169250011444092
0,1,0.6549404263496399
0,0,3.050540930971124e-10
0,1,0.6265411972999573
0,1,0.6202265620231628
0,0,3.6102267131354893e-06
0,0,1.3909628657216011e-11
0,1,0.6137477159500122
0,1,0.6288352608680725
0,0,3.800586000579642e-06
0,0,2.24361729195266e-09
0,1,0.6227490901947021
0,1,0.627610981464386
0,1,0.6360263824462891
0,0,5.2973201996806e-13
0,1,0.615440309047699
0,1,0.6265503764152527
0,1,0.6294783353805542
0,1,0.6828911304473877
0,0,0.0022647357545793056
0,0,4.461937763711177e-10
0,0,1.0809785289112028e-09
0,0,0.0006579065229743719
0,1,0.6192176938056946
0,0,5.330538215275737e-07
0,0,9.792602492786351e-12
0,1,0.6275296211242676
0,0,0.00010856875451281667
0,1,0.6387315392494202
0,0,6.490322873326654e-14
0,0,0.0012537665897980332
0,0,2.3290154160804377e-07
1,1,0.6494876146316528
0,0,0.03882935643196106
0,0,0.00018781494873110205
0,0,1.872866306484866e-07
0,0,1.3770121540801483e-06
0,1,0.6359330415725708
0,0,0.00021550471137743443
0,0,2.9759035513610144e-11
0,1,0.6184925436973572
0,1,0.6338199973106384
0,1,0.6260649561882019
0,0,0.0018328182632103562
0,0,4.492194616290135e-09
0,0,0.0040241386741399765
0,1,0.6309430599212646
0,0,1.7877707647606655e-10
0,1,0.6751606464385986
1,1,0.6201104521751404
0,1,0.652215301990509
0,0,1.468271504379004e-09
0,1,0.630378007888794
0,1,0.6523993015289307
0,1,0.6253400444984436
0,0,0.03191078454256058
0,1,0.6280077695846558
0,1,0.6602575778961182
0,0,2.82527500743493e-13
0,1,0.6192207336425781
0,1,0.6381280422210693
0,0,6.189442558479641e-08
0,1,0.6285166144371033
0,0,2.463093964899521e-12
0,0,5.094946816872059e-13
0,1,0.6273497343063354
0,1,0.6206873655319214
0,1,0.6169556975364685
0,1,0.6614598035812378
0,1,0.6248798966407776
0,1,0.6189999580383301
1,1,0.6311971545219421
0,0,1.6005976988253678e-07
0,1,0.619432270526886
1,1,0.61058109998703
0,0,0.0006442588055506349
0,0,0.03762352094054222
0,1,0.6232466101646423
0,0,6.478199920945116e-11
0,1,0.6229091286659241
0,1,0.6291221380233765
0,1,0.6162028908729553
0,0,4.968607640876144e-07
0,1,0.6191657185554504
0,1,0.6208831667900085
0,1,0.6141973733901978
0,1,0.6280542612075806
0,0,7.425325748044997e-05
0,1,0.6307457685470581
0,0,6.8141552844736e-08
0,1,0.6196326613426208
0,0,6.821692100089649e-10
0,1,0.6382903456687927
0,1,0.6111612319946289
0,0,2.809944987802737e-07
0,1,0.6331897377967834
0,0,1.5259404406720023e-08
0,0,6.520455997360841e-08
0,0,1.0670970197420616e-14
0,1,0.6277868151664734
0,0,1.4855618957199113e-09
0,1,0.6296733617782593
0,0,0.0013315958203747869
0,1,0.6285750865936279
0,0,2.4198675419029314e-07
0,1,0.6248090267181396
0,1,0.6348992586135864
0,0,0.0002945496526081115
0,0,1.97017272288158e-12
1,1,0.8242574334144592
0,1,0.6196536421775818
0,0,2.6019870110828883e-16
0,1,0.6296151280403137
0,0,3.0683366958328406e-07
0,1,0.6405390501022339
0,0,6.591999168747975e-11
0,1,0.6278350949287415
0,0,2.760348915588351e-13
0,1,0.6126225590705872
0,0,2.8152824143035104e-06
0,0,2.016835587426158e-09
0,1,0.6766082644462585
0,0,1.8836828594875378e-14
0,1,0.610525906085968
0,0,4.1210611811948183e-08
0,1,0.6095242500305176
0,1,0.6100195646286011
0,1,0.6066455841064453
1,1,0.6244361996650696
0,0,8.213781370614015e-07
0,1,0.6129356622695923
0,1,0.6770526766777039
1,1,0.611535906791687
0,1,0.6293377876281738
0,1,0.6323895454406738
0,1,0.6403141021728516
0,0,5.448844717648171e-07
0,0,3.3926223608204964e-08
0,1,0.6252620220184326
0,1,0.6101158261299133
0,1,0.6329752206802368
0,0,7.090846310120469e-08
0,1,0.633517324924469
0,0,3.859401687122954e-10
0,1,0.6509811282157898
0,1,0.6129385232925415
0,0,4.3212327938135786e-08
0,0,0.37577304244041443
0,1,0.6228649616241455
0,0,4.4526586862048134e-08
0,0,5.605863538128697e-13
0,1,0.6340842247009277
0,0,0.00013393638073466718
0,0,2.7166461222805083e-05
0,1,0.6225613951683044
0,0,3.2974945690655844e-11
0,0,2.480513350278102e-09
0,0,2.03125239295332e-07
0,0,0.10056143254041672
0,1,0.6357129216194153
0,0,2.269704868496092e-09
0,1,0.6247791051864624
0,1,0.6124987602233887
0,0,8.20681236746168e-07
0,1,0.6317358016967773
0,1,0.6205964684486389
0,1,0.6089814305305481
0,1,0.6244398951530457
0,1,0.6331040263175964
0,1,0.625527024269104
0,0,0.00024681081413291395
0,1,0.6201919913291931
0,1,0.6263447999954224
0,0,3.856650073430501e-05
0,1,0.6254105567932129
0,1,0.6261840462684631
0,0,2.0782617293768624e-10
0,1,0.6223312020301819
0,0,5.7152661270265526e-08
0,0,0.0003909743973053992
0,1,0.6522232890129089
0,1,0.6014401316642761
0,1,0.6148791909217834
0,0,7.093843290562063e-10
0,1,0.634466290473938
0,1,0.6298602819442749
1,1,0.6062162518501282
0,0,9.104441573981603e-07
0,0,3.3096689548983704e-06
0,1,0.6039444804191589
0,0,0.0007838835008442402
0,1,0.6214172840118408
0,1,0.6340309977531433
0,1,0.6129247546195984
0,1,0.6298643350601196
1,1,0.6453614234924316
0,0,1.1757524953637244e-09
0,0,1.0611543075356167e-06
0,0,2.84071546730047e-07
0,1,0.6366135478019714
0,0,1.4896762712268696e-09
0,1,0.6176738142967224
0,1,0.6267262697219849
0,0,0.00899929367005825
0,0,0.04553905874490738
0,1,0.6250821352005005
0,1,0.6067041158676147
0,0,2.4170030560322076e-11
0,0,4.590342359733768e-05
0,1,0.6252518892288208
0,1,0.6145366430282593
0,1,0.6277441382408142
0,1,0.6103609204292297
0,1,0.6250547170639038
0,1,0.6245680451393127
0,0,0.0019206912256777287
0,1,0.6349763870239258
0,0,2.0569670411418883e-09
0,1,0.6250743865966797
0,1,0.5501663684844971
0,0,3.178363475186963e-11
0,1,0.624192476272583
0,1,0.6319485902786255
0,1,0.6092414855957031
0,1,0.6368880867958069
0,0,4.93519558553146e-10
0,0,8.340426660424782e-08
0,0,1.1058773254774001e-12
0,0,8.82769818417728e-05
0,1,0.6235333681106567
0,0,7.511956390260366e-09
0,1,0.7062761783599854
0,0,0.00012074009282514453
0,0,5.736671937484061e-07
0,1,0.6271430850028992
0,1,0.6339775323867798
0,0,9.293008588429075e-06
0,1,0.6124199628829956
0,1,0.6342418193817139
0,1,0.6344560384750366
0,0,2.2530751569993512e-11
0,1,0.6288250684738159
0,1,0.6271969676017761
0,0,1.0540159856020637e-09
0,0,1.1471930747575243e-06
0,0,4.726029984025715e-11
0,1,0.6236938238143921
0,0,1.5433064982223188e-12
0,1,0.6211897134780884
0,1,0.622119665145874
0,1,0.6301133632659912
0,0,6.816294195743922e-10
0,1,0.6019633412361145
0,1,0.621824324131012
0,1,0.6437796354293823
0,0,5.194435104272088e-09
0,0,6.6980638813163296e-09
0,1,0.6263056993484497
0,1,0.632525622844696
0,0,4.33220702689141e-06
0,1,0.6061208248138428
0,0,9.340389084400158e-08
0,0,0.0038456041365861893
0,1,0.6321581602096558
0,1,0.6717542409896851
0,1,0.6257705092430115
0,1,0.6080580353736877
0,1,0.6304451823234558
0,0,5.4247373953986155e-11
0,1,0.6351279616355896
0,0,0.000369875633623451
0,1,0.6336215138435364
0,1,0.6315652132034302
0,1,0.6225923895835876
0,0,3.419441782170907e-05
0,0,1.8206267049514224e-10
0,1,0.6216474771499634
0,0,3.577743612481754e-08
0,1,0.6235005855560303
0,0,7.494274645303278e-11
0,1,0.6204438209533691
0,0,1.637123162728793e-12
0,0,4.76336481369799e-09
0,1,0.6935425400733948
0,0,8.671841023044635e-09
0,0,1.239179731049589e-10
0,1,0.6355562806129456
0,0,0.001644925563596189
0,0,9.188394324155524e-05
0,0,2.7650456146943725e-08
0,0,3.3267413073190255e-06
0,0,3.787698626966929e-11
0,0,2.5307507825478304e-12
0,1,0.6268519163131714
0,0,4.167825373019296e-12
0,0,3.154002406469125e-11
0,0,1.2300375128171392e-11
0,1,0.6171209812164307
0,0,4.615493708115537e-06
0,1,0.6324804425239563
0,0,5.378062269301154e-05
0,0,1.8769502219129208e-07
0,0,4.2495591401348065e-07
0,0,1.1856754689176796e-08
0,1,0.631591796875
0,0,1.443015751334542e-08
0,0,2.493787931712177e-08
0,0,0.006975005380809307
0,1,0.6112420558929443
0,1,0.6191393136978149
0,0,2.1832431695845145e-11
0,1,0.6295728087425232
0,0,8.039774900513164e-13
0,1,0.6605736017227173
0,1,0.6203745603561401
0,0,4.21584676890685e-11
0,1,0.6179115772247314
0,1,0.6139064431190491
0,0,5.71518917261149e-12
0,0,7.677168468944728e-06
0,1,0.6196250915527344
0,1,0.6341311931610107
0,0,0.01320252288132906
0,0,6.261345331104451e-10
0,0,3.935781194286392e-07
0,0,1.2815141170463562e-09
0,1,0.6330942511558533
0,1,0.6231284141540527
0,0,1.2521914172225479e-08
0,1,0.6091976761817932
0,0,0.016957562416791916
0,0,0.007306848652660847
0,1,0.6488845944404602
0,1,0.6245644688606262
0,0,0.0006804891745559871
0,1,0.6670247912406921
0,1,0.6347708106040955
0,0,2.725674676185008e-06
0,1,0.6234309077262878
0,1,0.7129141092300415
0,1,0.6611123085021973
0,0,1.3433162568410317e-11
0,1,0.6226311326026917
0,1,0.628863513469696
0,1,0.6188735365867615
0,1,0.6286741495132446
0,0,1.0828507583937608e-06
0,1,0.6278884410858154
0,1,0.6150501370429993
0,1,0.6204257011413574
0,1,0.6108714938163757
0,1,0.6273030638694763
0,0,3.924200200344785e-07
0,1,0.6223172545433044
0,0,1.1221882967413655e-14
0,1,0.6268537044525146
0,0,1.697271478917628e-08
0,1,0.6155828833580017
0,1,0.6260583400726318
0,1,0.6200391054153442
0,0,0.009481632150709629
0,0,6.908550554546311e-12
0,0,1.3032947659454008e-13
0,0,0.013045882806181908
0,1,0.6234661340713501
0,0,2.4636685053147644e-11
0,1,0.6289803385734558
0,0,5.3448417247636826e-08
0,1,0.6093042492866516
0,0,1.5888527557565918e-16
0,0,6.675946906398167e-09
0,0,8.582692316849716e-06
0,1,0.6104235649108887
0,0,1.4370012124675924e-11
0,0,1.4621329569308728e-07
0,1,0.6064000129699707
0,1,0.6405411958694458
0,0,8.93021424417384e-05
0,1,0.6175404787063599
0,1,0.6158543825149536
0,0,6.259458283728453e-14
0,1,0.6113811731338501
0,1,0.6361044049263
0,0,5.505369937708338e-09
0,1,0.6310039162635803
0,1,0.6676369309425354
0,0,4.524209566009185e-12
0,1,0.6264886856079102
0,0,5.267251565466147e-11
0,1,0.650684654712677
0,0,9.57263182499446e-06
0,1,0.6286048889160156
0,0,2.5038357307494152e-06
0,0,2.599017702442641e-11
0,1,0.6261533498764038
0,1,0.6298538446426392
0,0,2.2984731913311407e-05
0,0,2.881420657629974e-10
1,1,0.640004575252533
0,1,0.6446821689605713
0,0,0.0003104914794676006
0,0,0.0015719352522864938
0,1,0.6048828363418579
0,0,1.1197757388003993e-08
0,0,0.00021168787498027086
0,0,2.3963410811234098e-08
0,0,9.66448698846989e-10
0,0,3.1736141492544334e-11
0,0,3.453010504017584e-05
0,1,0.6170641183853149
0,1,0.6221234202384949
0,0,2.6282800588695032e-11
0,0,2.5826213345681026e-07
0,1,0.6074038743972778
0,1,0.6235455870628357
0,1,0.6373104453086853
0,0,1.9791894374066032e-05
0,0,4.538296821676724e-12
0,0,1.4193145790597494e-11
0,0,2.481537718368454e-11
0,0,5.985238346606359e-13
0,0,4.051136054221416e-13
0,0,4.2843186065510963e-07
0,1,0.6141727566719055
0,0,5.218748810875695e-08
0,1,0.6221957206726074
0,0,0.12069796770811081
0,0,0.012935210950672626
0,0,0.00032147052115760744
0,1,0.6317644119262695
0,1,0.5974075198173523
0,0,1.6408299416070804e-05
0,1,0.6270309090614319
0,0,1.8114370477239662e-14
0,0,1.9264271031715907e-06
1,1,0.6593384146690369
0,1,0.633854329586029
0,0,0.017137516289949417
0,1,0.6225335001945496
0,1,0.6215944290161133
0,1,0.6252023577690125
0,1,0.6230917572975159
0,0,4.405039444321801e-09
0,0,4.139685911907576e-15
0,1,0.6441211700439453
0,0,0.0029836243484169245
1,1,0.6531866192817688
0,1,0.6255167722702026
0,0,2.4183681099354537e-11
0,1,0.6300923228263855
0,1,0.6218182444572449
0,1,0.6106739640235901
0,1,0.609401524066925
0,0,3.724290209561332e-08
0,0,2.8002878593724745e-07
0,1,0.6268154382705688
0,0,1.0155133678413364e-11
0,1,0.6223220825195312
0,0,0.005843674298375845
0,1,0.6091930270195007
0,0,1.0513536707890125e-09
0,0,4.855018297111879e-12
0,0,1.0990411055192273e-12
0,0,1.5428378574711132e-09
0,1,0.6488934755325317
0,0,2.2587128001294587e-10
0,0,1.5897049010504816e-08
0,1,0.6271613836288452
0,0,2.2897458126606984e-13
0,0,0.05302734673023224
0,1,0.6289895176887512
0,0,1.313181119400042e-09
0,1,0.6245295405387878
0,1,0.6263324022293091
0,0,7.583149386203303e-11
0,0,5.146842340764124e-06
0,1,0.628976047039032
0,0,3.0425930663824374e-09
0,0,2.9201304485582114e-08
0,0,0.0053162178955972195
0,0,6.357109283428031e-10
0,1,0.6133999824523926
0,0,1.4379232526895436e-10
0,1,0.62018883228302
0,1,0.6330045461654663
0,1,0.6277285218238831
0,0,4.1819205875981424e-08
0,1,0.6098707318305969
0,1,0.6297698020935059
0,1,0.6201981902122498
0,0,4.235888441221636e-13
0,1,0.637352705001831
0,1,0.6295819282531738
0,0,1.3539823017112707e-13
0,0,3.383647181887106e-11
0,1,0.6184271574020386
0,0,9.187826499612584e-09
0,0,1.8361495222052326e-06
0,1,0.6120948791503906
0,0,4.785239478971581e-12
0,1,0.6260809302330017
0,0,5.23293010701309e-06
0,0,0.0006453250534832478
0,0,0.007387793622910976
0,1,0.6313422322273254
0,1,0.6294973492622375
0,1,0.6128267645835876
0,1,0.6348750591278076
0,1,0.6360251307487488
0,1,0.6214848160743713
0,0,0.00019890734984073788
0,0,0.0005515113589353859
0,0,0.0007883053040131927
0,1,0.6140486598014832
1,1,0.6353579163551331
0,0,3.2751507061945517e-10
0,1,0.6235023736953735
0,1,0.6081458330154419
1,1,0.6309375166893005
0,1,0.6213739514350891
0,1,0.6244180202484131
0,1,0.618686854839325
0,0,7.303166352104571e-15
0,1,0.6286648511886597
0,1,0.6289506554603577
0,0,2.145387423269085e-09
1,1,0.6163678169250488
0,1,0.6561393141746521
0,0,2.390129338891711e-07
0,0,6.116067652328638e-10
0,0,9.473500109380417e-12
0,0,5.748476805678138e-09
0,0,5.447668538494099e-09
0,0,1.2942586558040148e-08
0,0,7.743491551082116e-06
0,1,0.6076778769493103
0,1,0.6291652917861938
0,1,0.6937869787216187
0,1,0.649682879447937
0,1,0.6220999360084534
0,1,0.631104588508606
0,0,7.756810194159414e-10
0,0,1.5445662526758497e-09
0,0,1.8854288441616518e-07
0,1,0.6255998015403748
0,1,0.6264954209327698
0,1,0.6061628460884094
0,0,5.581123119213771e-09
0,0,8.19303204480093e-06
1,1,0.6463789343833923
0,0,0.033143263310194016
0,1,0.6111063361167908
0,1,0.6287345886230469
0,0,8.166526812329264e-16
0,1,0.6208111047744751
0,1,0.6282524466514587
0,1,0.6224091053009033
0,1,0.5985522270202637
0,0,0.000214047497138381
0,1,0.6240151524543762
0,0,1.0777237990922117e-09
0,1,0.6320080161094666
0,1,0.6198305487632751
0,1,0.6318061947822571
0,1,0.6374458074569702
0,0,1.0304907505087613e-07
0,0,0.012587657198309898
0,1,0.6200591921806335
1,1,0.6338154077529907
0,0,6.192327206555603e-11
0,1,0.6082137227058411
0,0,1.1964059922320303e-05
0,0,1.6954523118783982e-07
0,1,0.6356491446495056
0,1,0.6240320801734924
0,0,1.4156381439534016e-05
0,1,0.6180731654167175
0,0,5.15659110078559e-07
0,0,2.8845252018072642e-06
0,0,2.2426982146384056e-12
0,1,0.6311268210411072
0,1,0.6254442930221558
0,1,0.6081720590591431
0,1,0.6235131025314331
0,1,0.622490644454956
0,1,0.6277143955230713
0,0,1.098448176861666e-08
0,0,2.1103645849507302e-05
0,1,0.6430971622467041
0,0,4.185717106253151e-09
0,1,0.6258946657180786
0,1,0.6251431107521057
0,0,0.00011262111365795135
0,0,0.0005957595421932638
0,1,0.648466944694519
0,1,0.6195088624954224
0,0,1.5219044151000907e-14
0,1,0.6322070956230164
0,1,0.6248369812965393
0,1,0.6405488848686218
0,1,0.6332637667655945
0,1,0.6327986717224121
0,1,0.6287461519241333
0,0,1.7277316146646626e-05
0,0,5.32650983586791e-06
0,1,0.6171823740005493
0,0,3.389653357999123e-08
0,0,5.28615773376373e-09
0,0,0.004700078628957272
0,1,0.6135975122451782
1,1,0.6100792288780212
0,0,3.153062152705388e-06
0,0,2.377678783027637e-12
0,1,0.6319553256034851
0,1,0.6207349896430969
0,1,0.624445378780365
0,0,2.1846313646989302e-10
0,0,2.1600496946660996e-09
0,0,8.452248345669489e-10
0,1,0.6544061303138733
0,0,3.5898558431446403e-12
0,1,0.6130414009094238
0,1,0.7129243612289429
0,1,0.6320993900299072
0,1,0.6241016387939453
0,0,6.939598620192555e-07
0,0,8.234784409921758e-09
0,0,1.4930184866202012e-09
0,1,0.623980700969696
0,1,0.6477551460266113
0,1,0.6071906089782715
0,0,0.00022896466543897986
0,0,8.295215593534522e-06
0,1,0.7937880158424377
0,1,0.6323125958442688
0,1,0.6221250891685486
0,1,0.6293806433677673
0,1,0.6096692085266113
0,1,0.63138347864151
0,1,0.6613603830337524
0,1,0.6405035853385925
0,0,1.433080569768208e-06
0,1,0.6274949908256531
0,0,0.00097412004834041
0,0,0.003641513641923666
0,1,0.6194006204605103
0,1,0.6148439049720764
0,0,0.0013614180497825146
0,0,1.0745453138394367e-11
0,0,0.03992113471031189
0,0,2.9077140001332324e-12
0,0,2.1916382593190065e-06
0,1,0.6051641702651978
0,0,0.019520370289683342
0,0,0.022685784846544266
0,1,0.6239939332008362
0,1,0.6059200763702393
0,1,0.6365423798561096
1,1,0.6209605932235718
0,1,0.7937880158424377
0,1,0.6294662952423096
0,0,1.464859433752963e-08
0,1,0.6146949529647827
0,1,0.6210100054740906
0,0,2.184750810303596e-15
0,0,5.5331518524326384e-05
0,0,5.144970024697397e-15
0,1,0.6305485367774963
0,0,0.0017371989088132977
0,0,5.283528822785932e-12
0,0,0.05601337179541588
0,1,0.6269908547401428
0,0,1.2911309521523862e-10
0,0,6.115254655014724e-05
0,0,2.564913342481545e-12
0,0,1.2123184678358712e-09
0,0,0.007642632815986872
0,0,0.002761725801974535
0,1,0.6338798999786377
0,1,0.6229143738746643
0,0,1.0118780480183887e-08
0,0,1.8743992089790412e-15
0,1,0.6277480721473694
0,0,3.8922799205920455e-08
0,1,0.6676617860794067
0,1,0.6124188303947449
0,0,2.608261456771288e-05
0,0,2.8752200620374424e-08
0,1,0.6842572689056396
0,0,1.5294938926491142e-10
0,0,4.632290644818182e-13
0,1,0.6543996930122375
0,0,2.633016721320658e-11
0,0,2.060708002079182e-14
0,1,0.6334191560745239
0,0,3.19912776824971e-11
0,0,6.2489352785632946e-06
0,1,0.6179966330528259
0,0,4.534374492677653e-17
0,1,0.6327913999557495
0,0,1.8527704526150046e-07
0,1,0.6298552751541138
0,1,0.6245481371879578
0,1,0.6305124163627625
0,0,1.045672446201018e-12
0,0,1.5357797256143613e-09
0,1,0.627231776714325
0,0,5.884797982247392e-09
0,0,7.766255416541412e-10
0,0,0.00034656733623705804
0,1,0.6259581446647644
0,1,0.6310675740242004
0,1,0.628718376159668
0,0,0.0004225090378895402
0,1,0.6931961178779602
0,0,3.822478722437239e-10
0,0,0.0013203845592215657
0,1,0.6304226517677307
0,0,3.052522856705764e-08
0,1,0.6416872143745422
0,0,9.038759324342394e-13
0,1,0.6273369193077087
0,1,0.6365922093391418
0,0,0.054684530943632126
0,0,1.0153851235372713e-06
0,0,8.201640753213724e-07
0,0,2.292389368607761e-13
0,0,9.162976155607794e-09
0,1,0.6344693899154663
0,0,3.205134183233149e-13
0,0,0.001002937089651823
0,1,0.6137404441833496
0,0,7.566866577768394e-11
0,0,5.779798297952943e-13
0,1,0.6190954446792603
0,0,0.004006642382591963
0,1,0.6423525810241699
0,1,0.6139496564865112
0,0,6.775812688708527e-10
0,1,0.6144961714744568
0,0,9.393478217489815e-10
0,0,1.5490522059513623e-11
0,1,0.6416566967964172
0,0,0.00030158061417751014
0,1,0.634955108165741
0,0,2.2924730274098692e-06
0,1,0.6316738128662109
0,1,0.718163251876831
0,0,1.4142768733904632e-08
1,1,0.6094268560409546
0,0,1.2749786037602462e-05
0,0,1.2322160500843893e-06
0,1,0.604140043258667
0,1,0.528412401676178
0,0,1.6870906798319152e-13
0,1,0.618420422077179
0,1,0.6080441474914551
0,1,0.6193819642066956
0,0,3.3417595659557264e-06
0,0,1.4105974344147398e-07
0,1,0.6116483211517334
0,1,0.6031591892242432
0,0,8.942153328916902e-08
0,0,6.093136448726e-07
0,0,0.00012209528358653188
0,0,1.461214367282082e-07
0,1,0.6204138994216919
0,1,0.6261548399925232
0,1,0.6085516214370728
0,1,0.6261860728263855
0,1,0.6225961446762085
0,1,0.6110223531723022
0,1,0.6252461075782776
0,1,0.6281803250312805
0,1,0.6275444030761719
0,0,4.9932315226985935e-12
0,0,1.1728916449182947e-10
0,0,8.134491691347279e-11
0,1,0.6136180758476257
0,0,1.994366982671636e-07
0,0,5.738550910502904e-13
0,0,9.998015861595994e-16
0,0,3.1684683631134913e-14
0,0,1.6245108724888269e-07
0,1,0.6272340416908264
0,0,4.057700009330034e-10
0,1,0.6268641352653503
0,1,0.6218737363815308
0,0,0.0002726652310229838
0,0,2.8594242394319735e-05
0,0,4.34596842069368e-07
0,1,0.6264724731445312
0,0,0.006568180862814188
0,1,0.6258497834205627
0,1,0.6295505166053772
0,0,4.8974455602035505e-09
0,0,3.838158632064881e-13
0,1,0.6091353893280029
0,0,1.1285860637144651e-06
0,0,1.8176661564783814e-11
0,1,0.6327519416809082
0,0,1.5157614746685866e-12
0,1,0.624908983707428
0,0,2.8002042351538137e-10
0,0,5.171597039499432e-10
0,1,0.626001238822937
0,0,3.230287912159291e-11
0,0,1.8859186876551103e-14
0,1,0.6106611490249634
0,1,0.6267898082733154
0,0,0.00018626765813678503
0,0,2.428280016300577e-13
0,0,2.0565686043028109e-07
0,1,0.62224942445755
0,1,0.6186808943748474
0,1,0.6240684986114502
0,0,1.3574893162685009e-12
0,0,5.51775542589894e-07
0,0,5.46950604984886e-06
0,0,2.3459165277017746e-08
0,1,0.6313595771789551
0,1,0.6287145614624023
0,1,0.606422483921051
0,0,6.80229568388313e-05
0,0,1.433670009424147e-14
0,1,0.6370898485183716
0,0,7.424859067416828e-14
0,0,0.00027797213988378644
0,1,0.648344099521637
0,1,0.6085149645805359
0,1,0.6228860020637512
0,0,3.9761179237984834e-08
0,1,0.6366389393806458
0,1,0.6101413369178772
0,1,0.6325394511222839
0,1,0.6373398900032043
0,0,4.5744556946950325e-17
0,0,1.5207111800918938e-06
0,1,0.6308561563491821
0,0,1.9399174974732425e-11
0,1,0.6245107054710388
0,0,6.132088401500368e-07
0,1,0.6583789587020874
0,1,0.6235620379447937
0,1,0.6182844042778015
0,1,0.6373026371002197
0,1,0.6130244135856628
0,1,0.6158321499824524
0,1,0.6432271003723145
0,1,0.6283324360847473
0,0,1.6372340982950817e-10
0,1,0.6117921471595764
0,1,0.6267983913421631
0,1,0.6097354888916016
0,0,7.02062479263077e-08
0,0,2.9701648600166664e-05
0,0,6.77989078212704e-08
0,1,0.6292375922203064
0,0,1.0129923566637444e-08
0,1,0.6255159378051758
0,0,0.001079045468941331
0,0,1.8888436898123473e-05
0,1,0.6125590801239014
0,1,0.6363250613212585
0,1,0.6451840400695801
0,0,3.535354267114599e-07
0,1,0.6132583022117615
0,1,0.6237232089042664
0,0,9.627505459519625e-10
0,1,0.6065424084663391
0,0,4.460189162447392e-12
0,0,2.384232686836185e-07
0,0,0.0004739866708405316
0,1,0.6267138123512268
0,1,0.6281632781028748
0,0,4.0011487179025806e-11
0,1,0.6337544322013855
0,1,0.6289873719215393
0,0,6.499506266521848e-09
0,1,0.657446563243866
0,1,0.6195948719978333
0,1,0.6270822286605835
0,0,0.3478272557258606
0,1,0.6197260022163391
0,1,0.6335803866386414
0,0,2.2209978647880213e-11
0,0,5.16421927443389e-08
0,0,2.0331119600369707e-12
0,1,0.6231034398078918
0,1,0.6366661190986633
0,1,0.6575367450714111
0,1,0.6277070641517639
0,1,0.6313236355781555
0,0,1.6025946845618644e-12
0,0,4.1279485385459225e-10
0,0,0.004119759891182184
0,0,3.338874732250474e-10
0,1,0.6266720294952393
0,0,1.0973587594165224e-09
0,0,2.3525174863703313e-11
0,1,0.631227970123291
0,0,0.015648245811462402
0,1,0.6220995187759399
0,1,0.6557639241218567
0,1,0.6249656081199646
0,0,9.508213224762585e-06
0,0,5.168103098251997e-11
0,0,2.7677903371992052e-11
0,1,0.6381739974021912
0,0,7.867111129211679e-11
0,1,0.6370002627372742
0,1,0.6105061173439026
0,1,0.6263208985328674
0,1,0.6099266409873962
0,0,1.9262674868514296e-06
0,0,0.00034187210258096457
0,1,0.6158973574638367
0,0,1.96599544607099e-15
0,0,1.777547157860368e-13
0,1,0.6241785287857056
0,0,3.3151098532968604e-10
0,1,0.6387104392051697
0,1,0.6340352892875671
0,0,0.00011006669228663668
0,0,5.2802515228228436e-17
0,1,0.6357832551002502
0,1,0.6224486827850342
0,0,2.246119024107429e-08
0,1,0.6303501725196838
0,1,0.6307156682014465
0,1,0.628577470779419
0,1,0.6168855428695679
0,1,0.6205136179924011
0,1,0.6300376057624817
0,1,0.6262485384941101
0,1,0.6285496354103088
0,0,1.969151751379794e-11
0,1,0.6119657158851624
1,1,0.6442314982414246
0,0,5.2532554695172706e-11
0,1,0.601028323173523
0,0,2.6729415528821063e-14
0,1,0.62957364320755
0,0,2.7151882022735663e-06
0,1,0.6229430437088013
0,1,0.6295029520988464
0,0,4.537652060197274e-14
0,0,6.891027748423539e-10
0,0,0.015643084421753883
0,1,0.634946882724762
0,0,0.012402729131281376
0,0,4.570935274728072e-08
0,1,0.6053341031074524
0,1,0.6876401901245117
0,1,0.6181910634040833
0,1,0.6372711062431335
0,0,0.0011674833949655294
0,1,0.6176705360412598
0,0,1.8734499462880194e-06
0,0,1.5299266298285374e-09
0,1,0.6324836611747742
0,1,0.6150974631309509
0,0,2.7343883630237542e-05
0,1,0.6205301880836487
0,0,0.0003691584279295057
0,0,1.888197515009793e-10
0,1,0.6227484345436096
0,0,0.01447676494717598
0,1,0.6312660574913025
0,0,2.948689958870432e-09
0,1,0.6022205948829651
0,1,0.6097330451011658
0,0,1.2156203821334088e-09
0,1,0.6227185726165771
0,0,0.19019852578639984
0,1,0.6423771381378174
0,0,1.2862242521061162e-11
0,0,0.00034609914291650057
0,1,0.6244077086448669
0,0,0.006452661938965321
0,0,1.9386282943539834e-13
0,0,0.008623501285910606
0,1,0.6384029388427734
0,0,1.0575438784222067e-17
0,0,8.304560372707215e-10
0,0,2.7763773687183857e-05
0,1,0.6437172889709473
0,1,0.6123768091201782
0,0,1.755603534547845e-06
0,1,0.6220627427101135
0,1,0.6345700025558472
0,1,0.6270039677619934
0,1,0.6171378493309021
0,0,2.2081181327848753e-08
0,1,0.6201276183128357
0,1,0.6083698272705078
0,1,0.6263737678527832
0,1,0.6187179684638977
0,1,0.631752610206604
0,1,0.6262327432632446
0,1,0.6211564540863037
0,1,0.6225398182868958
0,1,0.628565788269043
0,1,0.619417667388916
0,0,2.82693175535087e-08
0,0,0.001166142406873405
0,1,0.6250905990600586
0,0,5.16273872611106e-13
0,0,4.073464898723955e-10
1,1,0.631628692150116
0,0,3.861607183353044e-06
0,0,5.766895641579062e-12
0,1,0.6367381811141968
0,1,0.6311572790145874
0,1,0.6235640048980713
0,1,0.6225447058677673
1,1,0.6415996551513672
0,0,2.195756909628699e-09
0,0,8.089445557857289e-09
0,1,0.6079750657081604
0,1,0.6153644919395447
0,1,0.6187791228294373
0,1,0.6418553590774536
0,0,1.4176006857269385e-07
0,1,0.6047377586364746
0,1,0.6110261678695679
0,1,0.6295849084854126
0,1,0.6324336528778076
1,1,0.6243223547935486
0,0,2.1342520994949155e-06
0,1,0.6047940254211426
1,1,0.6319103240966797
0,1,0.6212469339370728
0,1,0.6393924951553345
0,1,0.6276577711105347
0,0,4.161953448544864e-09
0,0,2.1230871227739812e-10
0,0,5.5817647393041625e-08
0,1,0.633509635925293
0,1,0.6292497515678406
0,1,0.6093763709068298
0,1,0.6307543516159058
0,0,0.010760754346847534
0,1,0.6188925504684448
0,1,0.6296383738517761
0,0,1.4033812306690763e-11
0,1,0.6176319718360901
0,1,0.6148286461830139
0,1,0.6126865744590759
0,0,2.5744716936060286e-07
0,1,0.6822252869606018
0,1,0.6493200659751892
0,0,6.725955903341685e-10
0,0,2.2707105017616414e-05
0,1,0.6269152164459229
0,0,9.083959184863488e-08
0,0,0.20317500829696655
0,1,0.6265239715576172
0,0,3.34162697512852e-10
0,0,6.065168918212294e-07
0,0,1.3436870973521087e-12
0,1,0.6173304915428162
0,0,9.031643458001781e-06
0,0,5.6247140278742336e-09
0,1,0.6169809699058533
0,1,0.606659471988678
0,1,0.6503536701202393
0,1,0.6340246796607971
0,0,2.2108795696973438e-11
0,0,1.6211902653662236e-10
0,0,1.598473531316813e-08
0,0,0.02184625156223774
1,1,0.6272605657577515
0,1,0.6074733734130859
0,1,0.6268545985221863
0,1,0.6206925511360168
0,1,0.6216738224029541
0,1,0.6297653317451477
0,1,0.6048755049705505
0,0,8.67031868523327e-09
0,1,0.6251153349876404
0,1,0.6074392795562744
0,0,3.0580642942368286e-06
0,0,9.852291782408429e-08
0,0,2.427509798508254e-06
0,1,0.6212247014045715
0,0,0.14722993969917297
0,0,9.216105922860152e-08
0,0,3.088533588595395e-16
0,1,0.6162334680557251
0,1,0.6264669299125671
0,0,7.926926892665165e-10
0,1,0.6314988136291504
1,1,0.6345171928405762
0,0,4.69799754654332e-11
0,1,0.6578468084335327
0,1,0.6362694501876831
0,0,3.7100392202837895e-12
0,1,0.6053681969642639
0,0,2.716681879455507e-10
0,1,0.6307798027992249
0,0,1.7458666456970917e-11
0,0,9.637275699692083e-11
0,1,0.6343268752098083
0,1,0.6097434163093567
0,0,5.751103065998464e-11
1,1,0.6766932010650635
0,1,0.6268987655639648
0,1,0.6270349025726318
0,1,0.6088657975196838
0,1,0.6316786408424377
0,1,0.6333903670310974
1,1,0.688125491142273
0,1,0.6210917234420776
0,0,8.331474399270178e-12
0,1,0.6354541182518005
0,0,9.806046252780476e-11
0,1,0.6225756406784058
0,0,2.7488241429563616e-15
0,1,0.6131742596626282
0,1,0.6285178661346436
0,1,0.6207821369171143
0,0,0.15030847489833832
0,0,4.976375294063473e-07
0,1,0.6179380416870117
0,1,0.6117508411407471
0,1,0.622970461845398
0,1,0.6130605340003967
0,0,2.7477612093207426e-05
0,0,9.422064977115951e-06
1,1,0.6529985070228577
0,1,0.6127821207046509
0,0,1.2778650360090182e-09
0,1,0.628250241279602
0,0,2.3245688360318262e-11
0,1,0.6141107678413391
0,1,0.6149371266365051
0,0,0.00031418658909387887
0,1,0.628309965133667
0,1,0.6320951581001282
1,1,0.6250075101852417
0,1,0.6156874895095825
0,1,0.6198760867118835
0,0,3.3622598039073637e-09
0,0,1.1166126796524622e-06
0,1,0.6259905695915222
0,1,0.6167197823524475
0,0,2.522553543826689e-08
0,0,1.5376681261614067e-08
0,1,0.6244426965713501
0,0,0.017760692164301872
0,0,5.953166848371438e-09
0,1,0.6211521029472351
0,1,0.6198972463607788
0,0,9.601639305856224e-08
0,0,0.0004421921039465815
0,0,0.0038277748972177505
0,0,3.593647393009512e-14
0,1,0.6299099922180176
0,1,0.6286847591400146
0,1,0.6066451072692871
0,0,2.7186839446358135e-09
0,0,0.03496270254254341
0,0,0.018079565837979317
0,0,7.160033010933375e-09
0,0,5.393943069975649e-10
0,0,1.6882638246990271e-15
0,0,2.917217356568358e-09
0,1,0.6306962370872498
0,0,2.7201974006629825e-10
0,0,2.4675836929333173e-09
0,1,0.631074845790863
0,1,0.606170654296875
0,0,0.001332295942120254
0,0,0.0004758613067679107
0,0,2.0571917502820725e-08
0,1,0.63641357421875
0,0,3.292303176749556e-07
0,0,0.10025445371866226
0,0,6.023424248269293e-07
0,0,1.7377716403643717e-06
0,0,8.840832510514929e-10
0,0,2.0869120667676988e-11
0,0,1.4177170442053466e-06
0,0,2.7343460205471806e-14
0,0,2.9235589643628046e-11
0,1,0.6264302730560303
0,0,1.3101057738662547e-10
0,0,1.0450849003973417e-05
0,0,0.0004590282333083451
0,1,0.610133945941925
0,0,1.1148464373889055e-08
0,1,0.6173432469367981
0,0,2.910624971264042e-05
0,0,0.0015656322939321399
0,0,3.529668224366844e-11
0,0,4.484637487756071e-12
0,1,0.6436253190040588
0,1,0.6274971961975098
0,0,4.2113948438782245e-05
0,0,3.235818724078854e-07
0,0,2.805841713485191e-12
0,0,0.0023230640217661858
0,1,0.6252676248550415
0,1,0.6093740463256836
0,0,9.594029043435981e-11
0,0,1.2065588328794008e-12
0,0,8.49176458317391e-12
0,1,0.6196774244308472
0,0,1.5106724049473996e-06
0,1,0.6249164342880249
0,0,4.962266708652407e-10
0,0,6.783978392377321e-07
0,0,3.293405858358772e-13
0,1,0.6471178531646729
0,1,0.6304851174354553
0,1,0.6288685202598572
0,0,4.9886239139596e-06
0,0,5.100945054437034e-05
0,1,0.6255640387535095
0,0,1.899847636252939e-14
0,0,0.0015273729804903269
0,0,0.0007352966349571943
0,1,0.639704167842865
0,0,0.0005626766360364854
0,1,0.6189020276069641
0,1,0.6189399361610413
0,1,0.6264808773994446
0,0,2.5969326689079253e-10
0,1,0.6454616785049438
0,1,0.6260778307914734
0,1,0.629514217376709
0,0,1.2053007480972155e-08
0,1,0.6179892420768738
1,1,0.6677818298339844
0,0,0.0004335289995651692
0,1,0.6075575351715088
0,0,6.056455337244415e-11
0,0,3.266207158958423e-06
0,1,0.6355611085891724
0,1,0.6367864608764648
0,1,0.631741464138031
0,1,0.6203517317771912
0,1,0.6128993630409241
0,0,4.515821310641099e-12
0,1,0.6495082974433899
0,1,0.6263558268547058
0,1,0.6361628770828247
0,0,5.4043980526330415e-06
0,0,0.0002357313351240009
0,1,0.6363540887832642
0,0,9.039194739934864e-12
0,1,0.626057505607605
0,0,3.5258564956563987e-09
0,1,0.6283622980117798
0,0,0.0002649237576406449
0,1,0.6144967079162598
0,0,7.749689956426664e-08
0,0,0.26655638217926025
0,0,5.499701714005434e-13
1,1,0.6331110596656799
0,1,0.6277974843978882
0,0,3.152139382844865e-10
0,1,0.6307554244995117
0,1,0.6111754775047302
0,0,3.119792154393508e-06
0,1,0.6327952146530151
0,1,0.6369814872741699
0,0,1.5179119827735121e-07
1,1,0.6162297129631042
0,0,1.2757956469044984e-08
0,0,2.0463726470732607e-14
0,0,1.9097636805298634e-09
0,1,0.6621955037117004
0,0,1.978482933040482e-09
0,0,2.3285757322355494e-07
0,1,0.6222336292266846
0,1,0.6159331798553467
0,0,2.9603647311304826e-10
0,0,4.451250826265074e-11
0,1,0.626268208026886
0,0,2.7012997394493254e-10
0,1,0.6085453033447266
0,1,0.6171371936798096
0,1,0.6368882656097412
0,1,0.6097772717475891
0,0,1.0999913229170488e-06
0,1,0.6169857978820801
0,0,5.923508433625102e-05
0,1,0.6181214451789856
0,0,2.329474391160602e-10
0,0,6.975542921061617e-10
0,1,0.6152146458625793
0,0,1.7160437567470543e-12
0,1,0.632189154624939
0,1,0.6139810681343079
0,0,2.5157426142286e-10
0,1,0.6340205669403076
0,0,3.864407105425016e-08
0,0,5.241776996722618e-14
0,0,1.8287350800338942e-11
0,1,0.6240569353103638
0,0,0.00017786771059036255
0,1,0.6067908406257629
0,0,1.4294661013991572e-05
0,0,0.07609982043504715
0,0,1.781920566656936e-08
0,0,7.529482900281437e-06
0,0,2.6843032173928805e-05
0,0,0.0021989282686263323
0,0,1.0178477616307191e-08
0,0,5.989387119598177e-08
0,0,4.54085987561248e-12
0,1,0.6503773331642151
0,1,0.6411654353141785
0,0,1.4120868363498573e-10
0,0,3.533683775458485e-05
0,0,3.42230688232803e-10
0,0,3.051468047488015e-05
0,1,0.6288942694664001
0,0,1.250369707946064e-13
0,1,0.6254324913024902
0,1,0.6331180930137634
0,1,0.6143669486045837
0,1,0.6167424321174622
0,1,0.619398295879364
0,1,0.6249467730522156
0,1,0.6284384727478027
0,1,0.6150699257850647
0,1,0.6088398098945618
0,0,1.8371373471381958e-06
0,1,0.6278856992721558
0,1,0.639160692691803
0,0,0.00045929383486509323
0,1,0.5442221760749817
0,1,0.6279410719871521
0,0,3.0466577069336587e-13
0,0,3.320585584276614e-09
0,1,0.6541042923927307
0,1,0.6271752715110779
0,0,4.600757552708501e-10
0,1,0.6442753076553345
0,0,6.25743419262187e-16
0,0,1.4628570852437406e-06
0,1,0.6131112575531006
0,1,0.631652295589447
0,0,3.793343594793441e-08
0,0,5.618344403046649e-06
0,0,4.6857680899847765e-06
0,1,0.6153788566589355
0,1,0.6240476965904236
0,1,0.6208823323249817
0,1,0.624888002872467
0,1,0.6254099011421204
0,1,0.6308879256248474
0,1,0.6249173879623413
0,1,0.6256309151649475
0,1,0.625152051448822
0,1,0.6346099376678467
0,0,5.7226095390161547e-11
0,1,0.6202396750450134
0,1,0.6283608078956604
0,0,6.136537111789409e-11
0,1,0.6241096258163452
0,1,0.6174989342689514
0,0,2.492084538729955e-09
0,1,0.6355924010276794
0,1,0.6319159865379333
0,1,0.6320355534553528
0,1,0.6183260679244995
0,0,0.21545206010341644
0,0,6.254971540720078e-10
0,1,0.6167727708816528
0,0,2.105660769302631e-06
0,0,6.649809620284941e-06
0,0,1.5169365763512133e-11
0,0,2.9350548658158004e-09
1,1,0.6372869610786438
0,1,0.6214966773986816
0,1,0.6321874856948853
0,0,1.0030896252510857e-10
0,0,3.717477170539496e-08
0,1,0.613468587398529
0,1,0.6256370544433594
0,1,0.621047854423523
0,0,0.016054067760705948
0,1,0.6099720597267151
0,1,0.6075717806816101
0,1,0.6420385837554932
0,0,5.550850751268044e-11
1,1,0.6615943908691406
0,0,1.7182045439767535e-06
0,1,0.6249654293060303
0,1,0.617825984954834
0,0,9.333166963187978e-05
0,1,0.6277303695678711
0,0,1.6179159401108478e-10
0,0,0.000591195363085717
0,1,0.614678144454956
0,1,0.6129866242408752
0,0,2.647977052471634e-13
0,1,0.6186941266059875
0,1,0.6245483160018921
0,0,2.9544491297883724e-09
0,1,0.6313132643699646
0,1,0.623294472694397
0,1,0.5742243528366089
0,0,1.050977289196453e-06
0,0,0.00028458196902647614
0,0,6.852386019717827e-11
0,1,0.6320822238922119
0,0,0.0033216190058737993
0,1,0.6193785667419434
0,1,0.6237344741821289
0,0,1.1086994078368662e-07
0,0,4.153770643416932e-12
0,0,4.4799719489674317e-11
0,0,4.6226467986798525e-08
0,0,1.4585258213628549e-05
0,0,7.949504769733107e-13
0,0,1.505773298049462e-06
0,0,6.234671309357509e-05
0,1,0.6093832850456238
0,0,2.28660801404601e-09
0,0,3.945710705011152e-05
0,0,1.8343032934353687e-05
0,1,0.6306543946266174
0,0,7.031438799265377e-12
0,0,2.43167855643045e-12
0,0,3.3413527500414375e-10
0,0,8.994474544506137e-13
0,0,2.0277209074593381e-16
0,1,0.6310555338859558
0,0,9.943696962177556e-17
0,0,0.3487531244754791
0,1,0.6123432517051697
0,0,2.684990563217582e-10
0,0,1.8167503057497925e-08
0,1,0.6340994238853455
0,0,8.877829027476025e-12
0,0,2.5255321816075593e-06
0,0,0.0011066708248108625
0,0,3.017441851937974e-09
0,0,2.1725359999891225e-07
0,1,0.6439256072044373
0,1,0.620394229888916
0,1,0.6195383667945862
0,1,0.6294631958007812
0,1,0.6297028660774231
0,1,0.6063747406005859
0,0,0.0019499441841617227
0,0,0.00044376676669344306
0,1,0.6254695653915405
0,0,3.0738640521832394e-09
0,0,4.927806860482997e-12
0,1,0.615531861782074
0,1,0.6285046339035034
0,0,6.26998182106514e-15
0,0,2.2737886226642523e-11
0,1,0.6008902192115784
0,1,0.607471764087677
0,0,4.5640212192665786e-05
0,0,3.524287239997648e-05
0,0,1.3482742360793054e-05
0,0,0.0001277685514651239
0,1,0.6233688592910767
0,1,0.6221808195114136
0,1,0.6284281015396118
0,0,9.497930220092599e-11
0,0,3.427678620937513e-06
0,1,0.6100170612335205
0,1,0.6152578592300415
0,1,0.6095978617668152
0,0,5.6189605857071e-06
0,1,0.6330991387367249
1,1,0.6459563970565796
0,0,5.019064591021971e-14
0,0,2.3021100048481458e-07
0,1,0.6284146904945374
0,1,0.6270920634269714
0,0,1.1115575034637004e-05
0,1,0.6145205497741699
0,0,9.880882917423506e-11
0,1,0.6248058080673218
0,0,0.0005493058706633747
1,1,0.6231297850608826
0,0,1.2993706111075198e-09
0,0,3.109305868331802e-11
0,1,0.6271503567695618
0,1,0.6313321590423584
0,1,0.5548729300498962
0,0,8.129158231895417e-06
0,0,5.910712475021285e-10
0,1,0.632706344127655
0,0,5.605524506790971e-07
0,1,0.6272622346878052
0,1,0.6279842257499695
0,0,3.5436309531178267e-07
0,0,1.6810545275802724e-05
0,0,5.568536565192517e-08
0,0,1.1252727916133409e-10
0,0,2.649425956402496e-10
0,1,0.6228631138801575
0,0,8.528139971986093e-08
0,1,0.6283302903175354
0,1,0.6297346949577332
0,0,2.267560791913148e-11
0,0,2.837764224994377e-11
0,0,8.937030004929625e-10
0,0,6.217775307959528e-07
0,0,1.6712820016806518e-09
0,1,0.6021461486816406
0,0,0.00047370974789373577
0,0,1.3551139943501767e-07
0,1,0.6437934041023254
0,1,0.6420989632606506
0,0,0.002565274015069008
0,0,0.013814520090818405
0,1,0.6309774518013
0,1,0.6213257908821106
0,0,1.0956165974462806e-09
0,1,0.6310509443283081
0,1,0.6360519528388977
0,1,0.6796430945396423
0,1,0.6290720701217651
0,0,7.169226323711086e-10
0,1,0.6278590559959412
0,0,1.4652133359049913e-05
0,0,5.3843366397410275e-12
0,1,0.6158348321914673
0,1,0.6249943375587463
0,0,2.855306036053662e-07
0,0,1.8336891116632614e-06
0,0,3.1184449553883775e-12
0,0,2.2469031080163404e-08
0,0,0.039557088166475296
1,1,0.6295531392097473
0,0,2.0737771309203845e-12
0,0,9.770528777153231e-07
0,0,3.1094260499742177e-10
0,1,0.6343948841094971
0,0,4.4063413952244446e-05
0,1,0.6498740315437317
0,1,0.628574788570404
0,0,8.97218022100077e-10
0,1,0.609444260597229
0,1,0.6312607526779175
0,0,2.8983683364458557e-07
0,0,7.97444887901122e-11
0,0,1.4947360016392963e-10
0,1,0.625105619430542
0,1,0.6516976952552795
0,1,0.6195619106292725
0,1,0.613364040851593
0,0,2.577000304881949e-05
0,0,1.7309492381101244e-11
0,0,1.1079015482806653e-09
0,1,0.6157020330429077
0,0,9.219741414767668e-09
0,1,0.6199454665184021
0,0,4.030816853628494e-06
0,1,0.6261270046234131
0,0,2.0366212993394583e-05
0,0,3.840818722095074e-12
0,0,3.697417025327887e-11
0,1,0.6077632904052734
1,1,0.6137984395027161
0,1,0.6280553936958313
0,0,1.8659644662744057e-10
0,1,0.6288031339645386
0,0,5.5804579707219304e-11
0,0,0.0007765142363496125
0,0,0.0005951942293904722
0,1,0.6251382827758789
0,1,0.6284800171852112
0,1,0.6277432441711426
0,1,0.6215922236442566
0,0,9.718759429233614e-06
0,0,1.4275539861330344e-08
0,0,2.028326662184554e-06
0,0,2.178862246182689e-07
0,0,2.4116958229569718e-05
0,1,0.619590163230896
0,1,0.614692747592926
0,0,5.423335933986417e-13
0,0,0.005587328225374222
1,1,0.6431140303611755
0,1,0.6179792284965515
0,1,0.6323750615119934
0,0,5.982222319289576e-06
0,1,0.6275036334991455
0,0,0.003963267430663109
0,1,0.6295255422592163
0,0,9.95721478602718e-08
0,1,0.6127022504806519
1,1,0.6322815418243408
0,0,4.8673851615888e-09
0,0,5.306118655568071e-09
0,0,5.90969828628829e-10
0,1,0.6117479205131531
0,1,0.6282150149345398
0,1,0.6172715425491333
0,1,0.6243924498558044
0,0,4.208143309369916e-06
0,1,0.6220560669898987
0,0,7.814420399654409e-08
0,1,0.6261323094367981
1,1,0.6306263208389282
0,1,0.6075525879859924
0,0,0.0007175905629992485
0,0,0.0002319036575499922
0,0,4.428135358391927e-10
0,1,0.6111322641372681
0,1,0.6104418635368347
0,1,0.6144013404846191
0,1,0.6079871654510498
0,0,2.861568133057796e-13
0,0,0.08431164175271988
0,0,0.000824112503323704
0,1,0.6252889633178711
0,1,0.6168245673179626
0,0,0.00026309629902243614
0,0,2.3058608516514367e-13
0,1,0.605623185634613
0,1,0.6215230226516724
0,1,0.6089792847633362
0,1,0.621461808681488
0,0,1.393769738938257e-15
0,1,0.6134323477745056
0,0,3.912228874192181e-11
0,1,0.6209008693695068
0,1,0.6461681723594666
0,1,0.6254082918167114
0,0,1.090556644989249e-09
0,0,2.093572675221367e-06
0,1,0.6186423301696777
0,1,0.635621964931488
0,1,0.6173150539398193
0,1,0.6327841281890869
0,0,3.825560094400382e-12
0,1,0.6067500114440918
0,0,0.00015221303328871727
0,1,0.6047002077102661
0,1,0.6317263245582581
0,0,1.9205897983098907e-10
0,0,5.196008068253377e-10
0,1,0.6433634161949158
0,0,2.8622564059332944e-05
0,1,0.6254764199256897
0,0,1.855563662792048e-12
0,1,0.629545271396637
0,0,4.525937957744475e-11
0,1,0.6743776798248291
0,0,0.0017752739368006587
0,1,0.617120623588562
0,0,2.798982291600527e-13
0,1,0.6773989796638489
0,1,0.6338493227958679
0,0,2.505036178490627e-10
0,1,0.6176674962043762
1,1,0.6313486099243164
0,0,0.009875388815999031
1,1,0.6243960857391357
0,0,7.025172665819923e-10
0,0,6.657254500268273e-13
0,1,0.6002463698387146
0,1,0.6238989233970642
1,1,0.6152179837226868
0,1,0.6256629228591919
0,0,1.6341378028528197e-08
0,1,0.6073718070983887
0,1,0.6320706605911255
0,1,0.6349906921386719
0,1,0.6223095059394836
0,0,1.6025984064246346e-15
0,0,3.6402363345899857e-09
0,1,0.6254867315292358
0,0,4.795447603100911e-05
0,0,1.6485438569802113e-09
0,1,0.6254213452339172
0,1,0.6068689823150635
0,1,0.6312718391418457
0,1,0.6283268332481384
0,0,1.180662678734734e-09
0,0,7.524605462094769e-05
0,1,0.6226783394813538
0,0,5.370498712409244e-09
0,0,3.016247668297112e-11
0,1,0.6159358024597168
0,0,1.5213240389666538e-10
0,1,0.6309949159622192
0,1,0.6233910918235779
0,1,0.6399428248405457
0,0,5.355888510472084e-10
0,0,2.7907250078548773e-13
0,0,3.2449655407162936e-08
0,0,2.2509422592520423e-07
0,0,1.9109058085886588e-11
0,0,1.2917887592944766e-10
0,1,0.6316032409667969
0,1,0.6243823170661926
0,1,0.6525880098342896
0,1,0.6333140134811401
1,1,0.6195297837257385
0,0,0.002480907365679741
0,1,0.6148358583450317
0,0,1.3123534377268431e-11
0,1,0.6276530623435974
0,1,0.6057266592979431
1,1,0.6325768828392029
0,0,1.068279829041785e-07
0,0,6.125232021895674e-14
0,1,0.6105343103408813
0,1,0.6212334036827087
0,1,0.6303307414054871
0,0,0.0003916383720934391
0,0,8.068296665442176e-06
0,0,4.748834570023064e-08
0,1,0.6182551383972168
0,0,6.9188361637162465e-12
0,0,2.963251588550264e-10
0,1,0.6446561813354492
0,1,0.6269452571868896
1,1,0.6272644996643066
0,1,0.6952035427093506
1,1,0.6380693912506104
0,0,0.0011555430246517062
0,1,0.6366548538208008
0,0,1.268071628146572e-05
0,1,0.6087334156036377
0,0,2.53952716633421e-08
0,0,1.9399471612446817e-11
0,1,0.6265668869018555
0,1,0.6237974762916565
0,1,0.6247022747993469
0,0,7.569324611544914e-10
0,1,0.6317998170852661
0,0,0.0036830625031143427
0,0,5.1547951833690736e-14
0,1,0.6282325983047485
0,0,3.0694135944031586e-07
0,0,6.43878520349972e-05
0,0,2.09704721783055e-05
0,0,1.5238542649953501e-09
0,1,0.6158559918403625
0,1,0.6005237102508545
0,1,0.6335229873657227
0,1,0.6299864053726196
0,0,0.00011138384434161708
0,0,1.0056431382077236e-10
0,1,0.6077826619148254
0,1,0.622965395450592
0,0,1.0413453953306284e-12
0,1,0.6167124509811401
0,1,0.6328647136688232
0,1,0.6394810080528259
0,0,3.923282122894785e-14
0,1,0.629188060760498
0,1,0.634995698928833
0,0,0.007141612004488707
0,0,0.00026447855634614825
0,1,0.6458908319473267
0,0,3.308398532908541e-08
0,1,0.6199839115142822
0,1,0.6366289854049683
0,0,2.792156228448306e-10
0,0,1.4772380154681741e-06
1,1,0.6378071308135986
0,1,0.6349120140075684
0,1,0.6254986524581909
0,1,0.6320722699165344
0,0,9.468899275777432e-11
0,0,1.5347963785300456e-12
0,0,4.0728394878897234e-08
0,0,1.4823083915871393e-07
0,0,0.26996591687202454
0,1,0.6312888860702515
0,0,1.7950074759909285e-10
0,1,0.6247200965881348
0,1,0.6274601221084595
0,1,0.620304524898529
0,0,1.0786278023375096e-18
0,1,0.613364040851593
1,1,0.6443431377410889
0,1,0.6190291047096252
0,0,8.708417226443999e-06
0,0,1.6137606451138709e-07
0,1,0.6284039616584778
0,0,1.9474002328934148e-05
0,1,0.6332083344459534
0,0,0.00524218799546361
0,0,4.131860598024367e-15
0,0,0.07654363662004471
0,0,0.2091621458530426
0,0,3.044179308631101e-08
0,1,0.6325395703315735
0,1,0.6169362664222717
0,1,0.6105726957321167
0,1,0.6266422867774963
0,1,0.6363067626953125
0,0,0.18907178938388824
0,0,0.0015491709345951676
0,1,0.6063185930252075
0,0,9.218391028298356e-08
0,1,0.6192837357521057
0,1,0.6283578276634216
0,0,4.549102428086371e-09
0,1,0.6214025616645813
0,0,1.0561611806479687e-13
0,1,0.629818856716156
0,1,0.611422598361969
0,0,1.6056511589063183e-12
0,1,0.6238883137702942
0,1,0.6206328868865967
0,0,8.870221779311294e-10
0,0,2.868171845860079e-11
0,0,5.850286655117998e-08
0,0,5.7008073781616986e-05
0,0,5.513981632399023e-11
0,1,0.6256909966468811
0,1,0.6185852885246277
0,1,0.6143635511398315
0,1,0.6609063744544983
0,0,1.8633032616843792e-11
0,0,0.02332141436636448
0,1,0.6284787654876709
0,0,8.99701840806344e-12
0,1,0.6233083605766296
0,0,2.7836918889079243e-05
0,1,0.6284602880477905
0,0,6.463993229566256e-11
0,0,3.813514922512695e-06
0,0,6.382750683542326e-08
0,0,6.783001937904487e-10
0,0,1.2307713404879905e-05
0,1,0.6109471321105957
0,1,0.6515747308731079
0,1,0.6555855870246887
0,0,0.005001470912247896
0,1,0.6084434986114502
0,1,0.6284789443016052
0,0,3.0286287800579403e-12
0,0,1.5231474415067225e-10
0,0,1.0300215541603208e-10
0,0,2.162591113130663e-11
0,1,0.6006312966346741
0,1,0.6711111664772034
0,1,0.6287271976470947
0,0,0.0006239212234504521
0,1,0.6321023106575012
0,0,1.6310828555854417e-12
0,0,0.010453108698129654
0,0,1.1146124171204641e-12
0,1,0.6362951993942261
0,1,0.6146612763404846
0,1,0.6765750646591187
0,1,0.6224550604820251
0,1,0.6333032250404358
0,1,0.6182878017425537
0,1,0.6174898147583008
0,1,0.6286333799362183
0,0,0.007736032363027334
0,1,0.629949688911438
0,1,0.6113647222518921
0,1,0.6050290465354919
0,0,1.6514069278716903e-10
0,0,1.4352065313971707e-08
0,1,0.6291762590408325
0,1,0.6220420598983765
0,0,8.04844901836077e-08
0,0,2.9007162538619014e-07
0,0,0.45560500025749207
0,0,1.059571673067694e-06
0,1,0.6334111094474792
0,0,0.4201071262359619
0,1,0.6202281713485718
0,0,5.249374225968495e-06
0,0,2.0370762368604467e-11
0,1,0.6609381437301636
0,0,6.61628529741165e-11
0,0,3.576126417215164e-08
0,0,1.38515368064418e-08
0,0,1.8913645760676445e-07
0,1,0.6373792290687561
0,0,1.192390075566152e-09
0,1,0.6333257555961609
0,1,0.6280583739280701
0,1,0.6202820539474487
0,1,0.6437262296676636
0,1,0.6115267276763916
0,0,0.001109229400753975
0,1,0.6348310708999634
0,1,0.6737902760505676
0,1,0.6246082186698914
0,1,0.6290996670722961
0,1,0.6273922920227051
0,0,3.56424365577368e-08
0,1,0.6316016912460327
0,1,0.6211435198783875
0,1,0.6122737526893616
0,1,0.6221659779548645
0,1,0.6277983784675598
0,1,0.6102167963981628
0,0,1.0923832860498806e-07
0,1,0.6303355693817139
0,1,0.6153935194015503
0,1,0.6191706657409668
0,1,0.6274036765098572
0,0,2.9254708464737655e-12
0,0,1.0462988982162802e-12
0,0,3.9244783692993224e-05
0,0,5.97773774924093e-11
0,0,4.050251453668885e-11
0,1,0.6295953989028931
0,0,8.31862877193057e-12
0,0,1.967238177913444e-10
0,0,8.487679417808203e-13
0,0,2.633648290770174e-12
0,1,0.606077253818512
0,1,0.6262149810791016
0,0,0.0002339055499760434
0,0,2.098363323377317e-11
0,0,6.619377962424622e-11
0,0,0.08369332551956177
0,1,0.6200985908508301
0,0,9.162155834019359e-07
0,1,0.6386104822158813
0,0,3.5236604389865533e-07
0,1,0.6491686701774597
0,1,0.6227098703384399
0,0,8.384908767311572e-09
0,1,0.6268607378005981
0,0,2.4594232428398755e-08
0,0,1.5706391423009336e-05
0,1,0.6540812849998474
0,0,4.912212997476573e-11
0,0,6.208087863224243e-12
0,1,0.6245447397232056
0,0,2.104134182445705e-07
0,0,1.4151557703456774e-09
0,0,4.753356463993441e-08
0,1,0.6260843873023987
0,1,0.6327225565910339
0,0,0.014028125442564487
0,1,0.6052412986755371
0,0,7.363665233128813e-10
0,0,0.009608114138245583
0,0,3.113146962441249e-10
0,0,3.275069382357998e-10
0,0,2.716877417485719e-11
0,0,8.193577652297612e-13
0,0,0.002104443032294512
0,1,0.6261865496635437
0,1,0.6187617182731628
0,1,0.6229057312011719
0,1,0.6359283924102783
0,1,0.6194167733192444
0,0,2.573705728536879e-07
0,1,0.6085288524627686
0,1,0.629170298576355
0,1,0.6743726134300232
0,0,5.4898242202172653e-11
0,0,2.1066322297702555e-11
0,1,0.6752992868423462
0,1,0.6253935694694519
0,1,0.6265013217926025
0,1,0.6068408489227295
0,0,2.4613333593492825e-08
0,0,4.1601037935670715e-13
0,1,0.6224671602249146
0,1,0.652212917804718
0,0,2.48637610500424e-10
0,0,4.412218090887876e-10
0,1,0.6058157086372375
0,1,0.6272038221359253
0,0,9.436563530584863e-09
0,1,0.6241313219070435
0,0,7.201891094155144e-06
0,1,0.6081956028938293
0,0,2.7015949477515733e-09
0,0,3.332447477077949e-06
0,1,0.6259276270866394
0,0,9.267922123105607e-14
0,0,8.225729992983322e-12
0,1,0.6298117637634277
0,0,0.000567124574445188
0,1,0.6326212882995605
0,1,0.6074001789093018
0,1,0.6253589987754822
0,0,4.6699502043168195e-09
0,1,0.6178488731384277
0,1,0.6411144733428955
0,0,3.2773062041968615e-10
0,0,5.4502176993764806e-08
0,0,8.229025638684107e-08
0,0,8.893371727936028e-08
0,0,2.1004902919230517e-06
0,1,0.6214969158172607
0,0,9.214228535172567e-15
0,1,0.6342898607254028
0,1,0.6807602047920227
0,0,0.00021388978348113596
0,1,0.6513094902038574
0,1,0.6290574669837952
0,1,0.6347205638885498
0,1,0.6294289231300354
0,1,0.634774386882782
0,1,0.6249880194664001
0,1,0.6308062076568604
0,1,0.6285147666931152
0,1,0.6396045684814453
0,0,2.4563016154388606e-07
0,0,4.913700735187376e-08
0,1,0.6255996227264404
0,0,2.8664792761645685e-09
0,1,0.6305026412010193
0,0,1.331582483166116e-10
0,0,1.4298182863387021e-12
0,0,6.482794390194613e-08
0,1,0.6226811408996582
0,1,0.6211469769477844
0,1,0.625055730342865
0,1,0.6203880310058594
0,0,1.508176472597711e-09
0,0,1.6964435189947835e-06
0,0,3.216804032035725e-07
0,0,3.4211283491458744e-05
0,0,4.5555822225651355e-08
0,0,4.8040149636108254e-08
0,1,0.6300380229949951
0,1,0.6260073781013489
0,0,4.595377447458304e-07
0,1,0.6188390851020813
0,0,4.2981838532796246e-08
0,0,1.5506188333347382e-07
0,0,3.6401390790530286e-09
0,1,0.616809606552124
0,1,0.6321864724159241
0,1,0.6312574148178101
0,1,0.625580906867981
0,1,0.6081992983818054
0,0,1.154584647290388e-13
0,1,0.6365358233451843
0,0,1.4473523606284289e-06
0,0,1.0102524150568115e-08
0,1,0.6231978535652161
0,1,0.6129916906356812
0,0,0.008055112324655056
0,0,2.2255688236327842e-05
0,1,0.6202736496925354
1,1,0.6136573553085327
0,0,4.826578692274097e-09
0,0,7.845884101698175e-05
0,1,0.6292139291763306
0,0,2.0224169290216504e-13
0,1,0.6315973401069641
0,0,3.1168688110483345e-06
0,0,2.0068880530743627e-06
0,1,0.6296746730804443
0,1,0.6707879304885864
0,0,1.1638917385425884e-08
0,0,2.451353611832019e-05
0,1,0.6217338442802429
0,1,0.6292267441749573
0,1,0.6197230219841003
0,1,0.6144624352455139
0,1,0.6057441830635071
0,1,0.6369292736053467
0,0,2.6088460799655877e-05
0,1,0.6232455968856812
0,1,0.639447033405304
0,0,5.362543187281688e-10
0,0,7.433201970608039e-11
0,0,4.058514857518958e-09
0,1,0.618411123752594
1,1,0.6285709738731384
0,0,0.0002287811366841197
0,1,0.609322726726532
0,0,4.907759853893523e-13
0,0,9.477311095906771e-07
0,0,2.8142301744082943e-05
0,1,0.6138014793395996
0,0,3.575389939669549e-08
0,0,2.1375544889679077e-08
0,0,1.3907034161417253e-14
0,0,1.369501023873454e-05
0,1,0.634691059589386
0,1,0.6328461170196533
0,0,2.0198129391246766e-07
0,1,0.6313298940658569
0,1,0.6302345395088196
0,0,2.292525058678052e-09
0,1,0.6264089345932007
0,1,0.633493959903717
0,1,0.6342298984527588
0,0,3.0897449505573604e-06
0,0,0.004311894997954369
0,0,6.99062960296537e-11
0,0,1.094271564637192e-13
0,0,0.17872217297554016
0,1,0.6242034435272217
0,1,0.6128314733505249
0,1,0.6462241411209106
0,1,0.6318466067314148
0,1,0.6426461338996887
0,0,2.7848511052752656e-08
0,1,0.6295667886734009
0,0,0.02374572679400444
0,1,0.6582304835319519
0,1,0.6287968754768372
0,0,6.994573595875409e-07
0,1,0.6337588429450989
0,0,3.38646600539505e-06
0,0,4.823891064376085e-09
0,1,0.6285280585289001
0,0,3.2751507061945517e-10
0,1,0.6273936629295349
0,1,0.6188980340957642
0,1,0.630144476890564
0,1,0.6272218227386475
0,1,0.6170338988304138
0,0,1.211834018549629e-11
0,1,0.6211915016174316
0,1,0.6208444237709045
0,1,0.623527467250824
0,0,0.06816306710243225
0,0,0.00035555227077566087
0,1,0.6350157260894775
0,0,5.827436450056567e-11
0,1,0.7208964824676514
0,0,0.05283365398645401
0,0,2.1155437934794463e-06
0,1,0.6073902249336243
0,0,0.000148104561958462
0,0,1.6404012592730055e-09
0,1,0.6180627942085266
0,1,0.6290608048439026
0,1,0.6315304040908813
0,0,2.4831863521261772e-14
0,1,0.6578737497329712
0,1,0.6216542720794678
0,1,0.6306745409965515
0,0,1.5282291769835865e-06
0,0,1.1814601519333223e-09
0,0,0.03231484070420265
0,0,7.853028990978395e-12
0,1,0.6336876749992371
0,0,1.039400649460731e-05
0,0,6.304125554912332e-10
0,0,1.0057689223685884e-06
0,0,1.5880106474588929e-12
0,0,1.2010574756970982e-08
0,1,0.6233727931976318
0,0,1.845011339887681e-12
0,1,0.6561404466629028
0,0,1.558133710943821e-08
0,1,0.62871253490448
0,0,5.943944555303338e-12
0,0,2.146062660912662e-09
0,0,1.0594863875112992e-09
1,1,0.6178456544876099
0,1,0.6337010860443115
0,0,8.17459920199326e-07
0,1,0.6246639490127563
0,0,7.79837694420138e-10
0,0,4.452246066938802e-14
0,1,0.6261407732963562
0,0,1.629013868242879e-10
0,0,7.665913802183677e-14
0,1,0.6277756094932556
0,0,1.853354888226022e-06
0,0,1.2058600645792339e-11
0,1,0.6317540407180786
0,0,7.821436276422844e-10
0,1,0.6225070953369141
0,0,2.8202293278489776e-10
0,1,0.6276730298995972
0,0,1.818835776434824e-10
0,1,0.6766418814659119
0,1,0.6220282912254333
0,1,0.6107696294784546
0,1,0.6131872534751892
0,1,0.6249555349349976
0,0,6.260115128498001e-07
0,1,0.6251159310340881
0,0,1.4606214458409705e-12
0,0,0.004343169275671244
0,1,0.6237594485282898
0,0,4.724184377025153e-10
0,0,9.952406737276376e-13
0,1,0.6272205114364624
0,0,1.5497746062465012e-05
0,0,0.00023980617697816342
0,1,0.6280096173286438
0,0,1.0975355024811506e-07
